###
console output
2022-11-01 10:31:36
###
 
 reading from starter.ss
 reading from data file
Data read sucessful 999

 reading forecast file 
 reading from control file
End of control file successful! 999
 end of parameter section 
 ready to evaluate once in prelim


Estimating...please wait...
0 0 -log(L): 0  between 
 MG setup OK 
 growth1 OK
 natmort OK
 migr OK
 selex OK, ready to call ALK and fishselex 
 ready for virgin age struc 
 ready for initial age struc 
 OK with initial conditions 
 OK with time series
 did survey obj_fun  0 20.5333
 did lencomp obj_fun   1318.13 1620.99
 did agecomp obj_fun  0 812.376
 initequ_catch -log(L)  0 0
 catch -log(L)  0.0003782 0
 did recruitdev obj_fun -24.0088 47 0.72
 OK with obj_func 3748.02

Initial statistics: 1 variables; iteration 0; function evaluation 0; phase 1
Function value   3.7480193e+03; maximum gradient component mag  -1.9429e+04
Var   Value    Gradient   |Var   Value    Gradient   |Var   Value    Gradient
  1 -0.27945  -1.9429e+04 |

 - final statistics:
1 variables; iteration 7; function evaluation 11
Function value   3.3864e+03; maximum gradient component mag  -3.7127e+00
Exit code = 1;  converg criter   1.0000e+01
Var   Value    Gradient   |Var   Value    Gradient   |Var   Value    Gradient
  1 -0.20877  -3.7127e+00 |
1 13 -log(L): 3386.37  between 

Initial statistics: 54 variables; iteration 0; function evaluation 0; phase 2
Function value   3.3863657e+03; maximum gradient component mag  -2.3347e+03
Var   Value    Gradient   |Var   Value    Gradient   |Var   Value    Gradient
  1 -0.20877  -3.7127e+00 |  2  0.00000   4.3125e+01 |  3  0.00000  -1.1298e+02
  4  0.00000  -9.7465e+01 |  5  0.00000  -8.3640e+01 |  6  0.00000  -1.1076e+03
  7  0.00000  -2.1378e+02 |  8  0.00000   5.8043e+02 |  9  0.00000   3.3454e+02
 10  0.00000   9.1133e+02 | 11  0.00000   6.9813e+02 | 12  0.00000   1.2115e+03
 13  0.00000   1.2939e+03 | 14  0.00000   8.8434e+02 | 15  0.00000  -2.3347e+03
 16  0.00000   1.3524e+02 | 17  0.00000   6.4906e+02 | 18  0.00000  -1.8796e+03
 19  0.00000  -1.8623e+03 | 20  0.00000  -1.8347e+03 | 21  0.00000  -1.9170e+03
 22  0.00000   6.8160e+02 | 23  0.00000   4.0761e+02 | 24  0.00000   1.1611e+03
 25  0.00000  -7.4753e+02 | 26  0.00000   4.1251e+02 | 27  0.00000  -2.6471e+02
 28  0.00000   1.4250e+03 | 29  0.00000   4.8594e+02 | 30  0.00000   9.7093e+02
 31  0.00000  -2.2568e+03 | 32  0.00000  -2.0647e+03 | 33  0.00000  -1.7155e+02
 34  0.00000  -1.2642e+03 | 35  0.00000   1.0769e+03 | 36  0.00000  -1.1025e+03
 37  0.00000   8.2485e+02 | 38  0.00000   2.0320e+03 | 39  0.00000   1.4507e+03
 40  0.00000   1.6874e+03 | 41  0.00000   6.0498e+02 | 42  0.00000  -1.2198e+03
 43  0.00000  -1.1081e+03 | 44  0.00000   1.0760e+03 | 45  0.00000   4.1468e+02
 46  0.00000  -1.4182e+03 | 47  0.00000  -8.1250e+02 | 48  0.00000   8.3859e+02
 49  0.00000  -4.9836e+01 | 50  0.00000   1.5202e+03 | 51  0.00000   7.9020e+02
 52  0.00000  -6.6970e+02 | 53  0.00000  -1.5673e+00 | 54  0.00000  -7.4878e+00

Intermediate statistics: 54 variables; iteration 10; function evaluation 22; phase 2
Function value   3.0171107e+03; maximum gradient component mag  -2.3126e+03
Var   Value    Gradient   |Var   Value    Gradient   |Var   Value    Gradient
  1 -0.28331  -2.3126e+03 |  2  0.00235   2.5460e+02 |  3  0.00379   1.2816e+02
  4  0.00151   7.1914e+01 |  5 -0.00185  -7.9180e+00 |  6  0.00165  -9.4148e+02
  7 -0.00435  -1.7011e+02 |  8 -0.00739   5.2985e+02 |  9 -0.00669   3.0453e+02
 10 -0.00872   8.2417e+02 | 11 -0.00966   5.8310e+02 | 12 -0.00959   1.0943e+03
 13 -0.01006   1.1383e+03 | 14 -0.02225   4.3874e+02 | 15  0.00862  -2.1534e+03
 16 -0.00982  -1.3724e+02 | 17 -0.01934   2.2206e+02 | 18  0.03179  -1.5178e+03
 19  0.02677  -1.6532e+03 | 20  0.02324  -1.7139e+03 | 21  0.02461  -1.7992e+03
 22 -0.00985   2.0553e+02 | 23  0.01209   3.9527e+02 | 24  0.00816   1.1118e+03
 25  0.01095  -6.9361e+02 | 26  0.00341   2.7675e+02 | 27  0.00568  -3.3942e+02
 28  0.00464   1.3320e+03 | 29  0.00444   3.5677e+02 | 30 -0.01188   4.8375e+02
 31  0.02951  -1.9161e+03 | 32  0.03243  -1.7690e+03 | 33 -0.01138  -5.6366e+02
 34  0.01919  -1.2196e+03 | 35 -0.00420   6.8812e+02 | 36  0.00596  -1.2147e+03
 37  0.00041   6.9914e+02 | 38  0.00636   2.2925e+03 | 39  0.00237   1.6104e+03
 40  0.00279   1.8710e+03 | 41 -0.00352   5.1544e+02 | 42 -0.00523  -1.3623e+03
 43 -0.00035  -1.0925e+03 | 44  0.00158   1.2003e+03 | 45 -0.00130   4.9261e+02
 46  0.00066  -1.2479e+03 | 47 -0.00661  -7.5102e+02 | 48 -0.01255   8.6537e+02
 49 -0.01654   4.0138e+00 | 50 -0.02518   1.4502e+03 | 51 -0.02962   6.4754e+02
 52 -0.01007  -3.1371e+02 | 53 -0.02242   1.4710e+02 | 54  0.00420   2.3071e+02
54 variables; iteration 20; function evaluation 36; phase 2
Function value   2.4375284e+03; maximum gradient component mag  -1.1541e+03
Var   Value    Gradient   |Var   Value    Gradient   |Var   Value    Gradient
  1 -0.31643   6.8948e+00 |  2  0.00146  -4.1187e+01 |  3  0.02738   4.3068e+02
  4  0.00779  -5.2188e+01 |  5  0.00556  -7.0718e+01 |  6  0.02006  -5.5463e+02
  7  0.00982  -2.5725e+00 |  8 -0.01235   1.7518e+02 |  9 -0.00812   3.1000e+01
 10 -0.02099   2.6866e+02 | 11 -0.01673   1.9519e+02 | 12 -0.03435   2.2973e+02
 13 -0.03325   3.7020e+02 | 14 -0.03625   1.0021e+02 | 15  0.03344  -1.1541e+03
 16 -0.00299   2.1810e+01 | 17 -0.05655  -3.4784e+02 | 18  0.05206  -4.2779e+02
 19  0.07566   7.1989e+02 | 20  0.07264   7.4259e+02 | 21  0.05913   1.0974e+02
 22 -0.02384  -1.5742e+01 | 23 -0.00518  -2.4106e+02 | 24 -0.02384   1.3641e+02
 25  0.01560  -6.4230e+02 | 26 -0.00472   2.7969e+01 | 27  0.01458  -9.9532e+00
 28 -0.01335   7.7787e+02 | 29 -0.00112   2.2204e+02 | 30 -0.02686   2.2154e+02
 31  0.05651  -3.5152e+02 | 32  0.05169  -3.5752e+02 | 33  0.02445   5.7205e+02
 34  0.04312   2.2579e+02 | 35 -0.02075   4.7268e+02 | 36  0.03530   2.6584e+02
 37 -0.00998   3.5105e+02 | 38 -0.02984   7.8269e+02 | 39 -0.02730   2.1812e+02
 40 -0.07599  -5.0373e+02 | 41 -0.03946  -7.6492e+02 | 42  0.01726  -9.0965e+02
 43  0.03408  -2.3334e+02 | 44 -0.02468   3.6300e+01 | 45 -0.02212  -4.8797e+02
 46  0.02513  -8.6907e+02 | 47  0.00968  -5.9362e+02 | 48 -0.04071  -1.5154e+02
 49 -0.01054  -3.9387e+01 | 50 -0.06119   3.7638e+02 | 51 -0.03342   2.7763e+02
 52  0.02575   2.6025e+02 | 53 -0.01941  -1.6574e+02 | 54  0.01387  -1.4685e+01
54 variables; iteration 30; function evaluation 52; phase 2
Function value   2.3431947e+03; maximum gradient component mag  -7.3070e+02
Var   Value    Gradient   |Var   Value    Gradient   |Var   Value    Gradient
  1 -0.32090   3.8288e+02 |  2  0.00299  -6.0516e+01 |  3  0.01810   1.2979e+02
  4  0.00667  -1.1892e+02 |  5  0.00075  -2.1536e+02 |  6  0.02739  -2.5384e+02
  7  0.00906  -1.9301e+01 |  8 -0.01612   6.6937e+01 |  9 -0.00826   1.4540e+00
 10 -0.02738   7.8132e+01 | 11 -0.02009   6.6209e+01 | 12 -0.03948   7.7052e+01
 13 -0.03881   2.0215e+02 | 14 -0.04080  -1.6406e+01 | 15  0.04470  -7.3070e+02
 16 -0.00302  -4.4758e+01 | 17 -0.04373  -2.5111e+02 | 18  0.06221  -8.9415e+01
 19  0.06585   1.6989e+02 | 20  0.06951   4.8426e+02 | 21  0.06071   1.0819e+02
 22 -0.02059   2.8600e+00 | 23  0.00198  -9.0326e+01 | 24 -0.02732   5.2633e+01
 25  0.02763  -1.8613e+02 | 26 -0.00432   3.9372e+01 | 27  0.01822   1.0120e+02
 28 -0.02811   3.6385e+02 | 29  0.00020   2.3401e+02 | 30 -0.02955   1.4609e+02
 31  0.05383  -4.3434e+02 | 32  0.06622   4.4346e+02 | 33  0.02037   4.6990e+02
 34  0.04133   1.3701e+02 | 35 -0.02947   2.7830e+02 | 36  0.03464   2.3970e+02
 37 -0.01822   7.9818e+01 | 38 -0.04051   4.7409e+02 | 39 -0.03355   5.7603e+01
 40 -0.06492  -3.2159e+02 | 41 -0.03168  -5.3449e+02 | 42  0.02674  -4.0770e+02
 43  0.03475  -7.1213e+01 | 44 -0.02544   5.5785e+01 | 45 -0.01223  -1.9684e+02
 46  0.03438  -2.4702e+02 | 47  0.01477  -2.7091e+02 | 48 -0.03803  -1.0853e+02
 49 -0.01267  -1.9720e+02 | 50 -0.06900   1.6429e+02 | 51 -0.04101   1.0244e+02
 52  0.01873   6.2266e+01 | 53 -0.01647  -1.4578e+02 | 54  0.01745  -4.7761e+01
54 variables; iteration 40; function evaluation 69; phase 2
Function value   2.3182574e+03; maximum gradient component mag   3.7710e+02
Var   Value    Gradient   |Var   Value    Gradient   |Var   Value    Gradient
  1 -0.32283   3.7710e+02 |  2  0.00448  -3.4415e+01 |  3  0.01730   1.1092e+02
  4  0.00403  -1.9982e+02 |  5  0.00215  -1.6886e+02 |  6  0.02839  -1.9880e+02
  7  0.00806  -4.1241e+01 |  8 -0.01707   4.5454e+01 |  9 -0.00987  -4.7552e+01
 10 -0.02996   1.5870e+01 | 11 -0.02011   7.1292e+01 | 12 -0.04000   6.6342e+01
 13 -0.04261   1.0890e+02 | 14 -0.04248  -4.9533e+01 | 15  0.05283  -3.6540e+02
 16 -0.00187  -3.9579e+01 | 17 -0.03556  -1.6014e+02 | 18  0.06273  -9.2450e+01
 19  0.06243  -2.0682e+00 | 20  0.06657   3.2024e+02 | 21  0.06112   1.1527e+02
 22 -0.01637   8.3571e+01 | 23  0.00498   4.2907e+00 | 24 -0.02890   3.0835e+01
 25  0.02657  -2.1254e+02 | 26  0.00008   1.7282e+02 | 27  0.01520  -1.0565e+01
 28 -0.03648   1.8797e+02 | 29 -0.00182   1.7673e+02 | 30 -0.03109   1.3247e+02
 31  0.06039  -1.0657e+02 | 32  0.06515   3.6406e+02 | 33  0.01784   3.7673e+02
 34  0.04227   1.5905e+02 | 35 -0.03305   2.0924e+02 | 36  0.03304   1.2949e+02
 37 -0.01942   3.2322e+01 | 38 -0.04592   3.3850e+02 | 39 -0.03541   1.5012e+01
 40 -0.05993  -2.1618e+02 | 41 -0.02616  -3.7499e+02 | 42  0.02951  -2.7015e+02
 43  0.03563  -1.8073e+01 | 44 -0.02391   9.1134e+01 | 45 -0.01141  -1.7231e+02
 46  0.03346  -2.6975e+02 | 47  0.01725  -1.6004e+02 | 48 -0.03897  -1.2063e+02
 49 -0.01176  -1.6585e+02 | 50 -0.07236   1.1039e+02 | 51 -0.04441   4.3360e+01
 52  0.01722   2.5704e+01 | 53 -0.01296  -1.0110e+02 | 54  0.02026  -4.3796e+01
54 variables; iteration 50; function evaluation 87; phase 2
Function value   2.3085586e+03; maximum gradient component mag   3.8789e+02
Var   Value    Gradient   |Var   Value    Gradient   |Var   Value    Gradient
  1 -0.32330   3.8789e+02 |  2  0.00309  -7.7212e+01 |  3  0.01243  -2.6075e+01
  4  0.01085   1.7711e+01 |  5  0.00181  -1.7028e+02 |  6  0.03001  -1.2000e+02
  7  0.01062   3.7337e+01 |  8 -0.01828   1.9221e+01 |  9 -0.00936  -3.7086e+01
 10 -0.03058  -2.9132e+00 | 11 -0.02129   2.5967e+01 | 12 -0.04309  -1.1686e+01
 13 -0.04353   8.3232e+01 | 14 -0.04380  -7.5667e+01 | 15  0.05554  -2.4182e+02
 16 -0.00019  -9.1478e+00 | 17 -0.03206  -1.1816e+02 | 18  0.06316  -8.1024e+01
 19  0.06172  -3.8413e+01 | 20  0.06555   2.6560e+02 | 21  0.06060   8.1291e+01
 22 -0.01778   5.9387e+01 | 23  0.00899   1.2338e+02 | 24 -0.03380  -4.7905e+01
 25  0.02797  -1.5152e+02 | 26 -0.00053   1.6487e+02 | 27  0.01599   3.4249e+01
 28 -0.03672   1.8465e+02 | 29 -0.00764  -1.3838e+01 | 30 -0.03278   9.9625e+01
 31  0.06206  -4.2904e+01 | 32  0.06414   2.7323e+02 | 33  0.01676   3.2447e+02
 34  0.04246   1.3867e+02 | 35 -0.03532   1.6339e+02 | 36  0.03303   1.0718e+02
 37 -0.01958   1.4821e+01 | 38 -0.04949   2.4950e+02 | 39 -0.03569   7.1464e+00
 40 -0.05592  -1.3213e+02 | 41 -0.02106  -2.2697e+02 | 42  0.03121  -1.7919e+02
 43  0.03546  -1.7919e+01 | 44 -0.02346   9.8839e+01 | 45 -0.01332  -2.2052e+02
 46  0.03409  -2.3127e+02 | 47  0.01882  -8.6888e+01 | 48 -0.03713  -8.1558e+01
 49 -0.01064  -1.4310e+02 | 50 -0.07617   4.1808e+01 | 51 -0.04571   1.1048e+01
 52  0.01744   1.9097e+01 | 53 -0.01068  -8.0708e+01 | 54  0.02130  -4.3977e+01
Maximum number of function evaluations exceeded
 - final statistics:
54 variables; iteration 57; function evaluation 100
Function value   2.2944e+03; maximum gradient component mag   1.8406e+02
Exit code = 3;  converg criter   1.0000e+01
Var   Value    Gradient   |Var   Value    Gradient   |Var   Value    Gradient
  1 -0.32807   1.8406e+02 |  2  0.00683  -5.7305e+00 |  3  0.01245  -8.2657e+00
  4  0.01025   9.6046e+00 |  5  0.00620  -2.1076e+01 |  6  0.03201  -9.3813e+00
  7  0.00934   1.8429e+01 |  8 -0.02142  -3.7242e+01 |  9 -0.00903  -1.8644e+01
 10 -0.03295  -4.4655e+01 | 11 -0.02588  -1.1175e+02 | 12 -0.04502  -5.1755e+01
 13 -0.04739   1.8789e+01 | 14 -0.04008   1.6018e+01 | 15  0.06205   5.6586e+01
 16  0.00119   3.8412e+00 | 17 -0.02153   4.3893e+01 | 18  0.06583   1.1118e+01
 19  0.06361   8.2442e+00 | 20  0.06013   1.9797e+00 | 21  0.06017   1.0438e+01
 22 -0.02025   1.9619e+01 | 23  0.00551   2.3026e+01 | 24 -0.02809   7.1452e+01
 25  0.03229   4.1469e+01 | 26 -0.00560   3.8166e+01 | 27  0.01584  -2.7380e+00
 28 -0.04770  -1.1078e+01 | 29 -0.00657   1.6257e+01 | 30 -0.03763   2.4306e+01
 31  0.06707   1.0164e+02 | 32  0.06309   5.2688e+01 | 33  0.00708  -5.4316e+00
 34  0.04317   2.4709e+01 | 35 -0.04456   8.6400e+00 | 36  0.03200  -4.4271e+01
 37 -0.01962  -1.3646e+01 | 38 -0.06217   5.0252e+00 | 39 -0.03877  -5.1960e+01
 40 -0.05110   1.4395e+01 | 41 -0.01412   1.3218e+01 | 42  0.03499  -1.2398e+01
 43  0.03615  -2.9731e+01 | 44 -0.03050  -4.1499e+01 | 45 -0.00429   2.7418e+01
 46  0.03959   4.6698e+01 | 47  0.02080  -2.1649e+01 | 48 -0.03414  -3.1782e+01
 49 -0.00525  -2.4880e+00 | 50 -0.08034  -2.6298e+01 | 51 -0.04775  -3.4741e+01
 52  0.01590  -4.2540e+01 | 53 -0.00548  -7.7411e+00 | 54  0.02406  -1.8991e+01
2 115 -log(L): 2294.45  between 

Initial statistics: 55 variables; iteration 0; function evaluation 0; phase 3
Function value   2.2944488e+03; maximum gradient component mag   1.7965e+02
Var   Value    Gradient   |Var   Value    Gradient   |Var   Value    Gradient
  1 -0.18067   1.0128e+02 |  2 -0.32807   1.7965e+02 |  3  0.00682  -6.6936e+00
  4  0.01244  -1.0596e+01 |  5  0.01025   6.4956e+00 |  6  0.00619  -1.9691e+01
  7  0.03201  -9.7380e+00 |  8  0.00934   1.4050e+01 |  9 -0.02143  -3.5637e+01
 10 -0.00903  -1.6852e+01 | 11 -0.03296  -4.5554e+01 | 12 -0.02588  -1.0124e+02
 13 -0.04502  -4.6075e+01 | 14 -0.04739   1.5648e+01 | 15 -0.04009   1.2370e+01
 16  0.06205   5.3034e+01 | 17  0.00119   5.1283e+00 | 18 -0.02153   4.0294e+01
 19  0.06583   1.2194e+01 | 20  0.06361   7.9612e+00 | 21  0.06012   2.3070e+00
 22  0.06016   1.0976e+01 | 23 -0.02026   1.8583e+01 | 24  0.00550   2.2173e+01
 25 -0.02810   6.5450e+01 | 26  0.03228   3.9541e+01 | 27 -0.00560   3.3806e+01
 28  0.01584  -1.0015e+00 | 29 -0.04770  -8.6463e+00 | 30 -0.00657   1.5125e+01
 31 -0.03763   2.2318e+01 | 32  0.06707   9.4887e+01 | 33  0.06309   4.9109e+01
 34  0.00707  -3.8682e+00 | 35  0.04316   2.4753e+01 | 36 -0.04457   9.2634e+00
 37  0.03199  -4.0000e+01 | 38 -0.01962  -1.3689e+01 | 39 -0.06217   4.3969e+00
 40 -0.03877  -5.0323e+01 | 41 -0.05110   1.1858e+01 | 42 -0.01412   1.1897e+01
 43  0.03498  -1.0741e+01 | 44  0.03615  -2.7095e+01 | 45 -0.03051  -3.9384e+01
 46 -0.00429   2.3856e+01 | 47  0.03959   4.1212e+01 | 48  0.02080  -2.0394e+01
 49 -0.03415  -3.0385e+01 | 50 -0.00525  -3.7579e+00 | 51 -0.08034  -2.6682e+01
 52 -0.04776  -3.3652e+01 | 53  0.01590  -4.1083e+01 | 54 -0.00549  -7.6778e+00
 55  0.02405  -1.8932e+01 |

Intermediate statistics: 55 variables; iteration 10; function evaluation 17; phase 3
Function value   2.2906802e+03; maximum gradient component mag  -2.5015e+02
Var   Value    Gradient   |Var   Value    Gradient   |Var   Value    Gradient
  1 -0.19310  -2.5015e+02 |  2 -0.35175   1.6158e+02 |  3  0.00329  -2.5239e+01
  4  0.01072  -2.2591e+01 |  5  0.00930  -1.3400e+00 |  6  0.00524  -2.6207e+01
  7  0.03140  -4.9804e+00 |  8  0.00861   9.6748e+00 |  9 -0.02157  -3.2055e+01
 10 -0.00923  -2.1050e+01 | 11 -0.03277  -4.5569e+01 | 12 -0.02553  -1.0338e+02
 13 -0.04429  -4.2421e+01 | 14 -0.04723   4.4845e+00 | 15 -0.04012   6.0615e-01
 16  0.06167   5.7518e+01 | 17  0.00027  -6.9411e+00 | 18 -0.02376   1.0130e+01
 19  0.06582   5.2938e+01 | 20  0.06348   4.9443e+01 | 21  0.06002   4.5447e+01
 22  0.06029   6.1585e+01 | 23 -0.02203   7.7072e-01 | 24  0.00494   1.0384e+01
 25 -0.03060   2.5051e+01 | 26  0.03196   3.2472e+01 | 27 -0.00656   1.4329e+01
 28  0.01557  -1.0270e+01 | 29 -0.04860  -2.2629e+01 | 30 -0.00711  -8.9571e+00
 31 -0.03892  -3.5573e+00 | 32  0.06591   2.3333e+01 | 33  0.06248   8.8714e+00
 34  0.00698  -8.9047e+00 | 35  0.04337   2.4972e+01 | 36 -0.04560  -2.5486e+00
 37  0.03311   1.3976e+01 | 38 -0.01938  -8.3015e+00 | 39 -0.06268  -7.0193e+00
 40 -0.03855  -5.2643e+01 | 41 -0.05142  -8.0305e-01 | 42 -0.01378   1.5488e+01
 43  0.03628   5.1030e+01 | 44  0.03769   4.1618e+01 | 45 -0.02962  -2.8784e+01
 46 -0.00378   2.0662e+01 | 47  0.04078   6.4579e+01 | 48  0.02216  -7.4753e+00
 49 -0.03286  -3.5682e+01 | 50 -0.00363  -2.7359e+01 | 51 -0.07816  -3.0116e+01
 52 -0.04485  -3.0508e+01 | 53  0.01915  -3.8688e+01 | 54 -0.00245  -1.0536e+01
 55  0.02429  -1.3899e+01 |
55 variables; iteration 20; function evaluation 28; phase 3
Function value   2.2906605e+03; maximum gradient component mag  -2.4833e+02
Var   Value    Gradient   |Var   Value    Gradient   |Var   Value    Gradient
  1 -0.19317  -2.4833e+02 |  2 -0.35220   1.6178e+02 |  3  0.00348  -2.3546e+01
  4  0.01072  -2.3880e+01 |  5  0.00941  -1.4915e-02 |  6  0.00521  -2.9334e+01
  7  0.03147  -5.6441e+00 |  8  0.00874   1.1143e+01 |  9 -0.02144  -3.0715e+01
 10 -0.00904  -1.7673e+01 | 11 -0.03264  -4.4463e+01 | 12 -0.02538  -1.0202e+02
 13 -0.04416  -4.2066e+01 | 14 -0.04720   2.7786e+00 | 15 -0.03995   1.8538e+00
 16  0.06189   6.5446e+01 | 17  0.00032  -7.8494e+00 | 18 -0.02340   1.4417e+01
 19  0.06580   5.0013e+01 | 20  0.06346   4.7094e+01 | 21  0.06007   4.6416e+01
 22  0.06039   6.4779e+01 | 23 -0.02216  -2.3864e+00 | 24  0.00469   1.5409e+00
 25 -0.03034   2.8457e+01 | 26  0.03200   3.2995e+01 | 27 -0.00655   1.4100e+01
 28  0.01579  -2.2835e+00 | 29 -0.04903  -3.0226e+01 | 30 -0.00723  -1.4269e+01
 31 -0.03907  -6.8025e+00 | 32  0.06592   2.0108e+01 | 33  0.06266   1.3993e+01
 34  0.00705  -8.9413e+00 | 35  0.04338   2.1290e+01 | 36 -0.04575  -5.7223e+00
 37  0.03326   1.7881e+01 | 38 -0.01935  -9.5732e+00 | 39 -0.06267  -8.3281e+00
 40 -0.03843  -5.1493e+01 | 41 -0.05137  -1.5450e+00 | 42 -0.01370   1.4898e+01
 43  0.03629   4.5985e+01 | 44  0.03782   4.2799e+01 | 45 -0.02961  -3.1091e+01
 46 -0.00381   1.5535e+01 | 47  0.04093   6.3430e+01 | 48  0.02234  -7.8194e+00
 49 -0.03256  -3.3900e+01 | 50 -0.00340  -2.7816e+01 | 51 -0.07753  -2.6068e+01
 52 -0.04441  -2.8832e+01 | 53  0.01969  -3.5239e+01 | 54 -0.00166  -6.3890e+00
 55  0.01872  -1.7898e+01 |
55 variables; iteration 30; function evaluation 43; phase 3
Function value   2.2899434e+03; maximum gradient component mag  -8.2944e+01
Var   Value    Gradient   |Var   Value    Gradient   |Var   Value    Gradient
  1 -0.19495  -8.2944e+01 |  2 -0.35659   5.5782e+01 |  3  0.00381  -6.3008e+00
  4  0.01054  -1.7755e+01 |  5  0.00942   6.3689e+00 |  6  0.00565  -1.0085e+01
  7  0.03154  -2.5190e+00 |  8  0.00850   7.8205e+00 |  9 -0.02041  -3.9112e+00
 10 -0.00870  -4.3607e+00 | 11 -0.03162  -1.5125e+01 | 12 -0.02350  -4.3780e+01
 13 -0.04294  -1.0559e+01 | 14 -0.04748  -1.3177e+00 | 15 -0.04032  -2.7930e+00
 16  0.06113   2.5763e+01 | 17 -0.00005  -7.4840e+00 | 18 -0.02462   4.2653e+00
 19  0.06494   6.3197e+00 | 20  0.06300   2.0514e+01 | 21  0.05948   1.2743e+01
 22  0.05966   1.9108e+01 | 23 -0.02268  -3.9563e+00 | 24  0.00464   5.3327e+00
 25 -0.03128   2.0939e+01 | 26  0.03183   2.5884e+01 | 27 -0.00652   1.9581e+01
 28  0.01521  -2.4568e+01 | 29 -0.04886  -1.8014e+01 | 30 -0.00681   6.3562e+00
 31 -0.03932  -2.5792e+00 | 32  0.06592  -4.4095e+00 | 33  0.06304   8.5291e+00
 34  0.00727  -7.9097e+00 | 35  0.04321  -4.9353e+00 | 36 -0.04500   8.4031e+00
 37  0.03330   4.8876e+00 | 38 -0.01909  -2.5240e+00 | 39 -0.06276  -2.6188e+00
 40 -0.03732  -1.4704e+01 | 41 -0.05181  -3.9548e+00 | 42 -0.01381   1.2865e+01
 43  0.03580   1.0879e+01 | 44  0.03749   1.7417e+01 | 45 -0.02879  -1.0383e+01
 46 -0.00440   8.4745e-01 | 47  0.04021   1.6707e+01 | 48  0.02273   8.0736e+00
 49 -0.03196  -1.0212e+01 | 50 -0.00329  -1.3164e+01 | 51 -0.07719  -9.8473e+00
 52 -0.04354  -5.5606e+00 | 53  0.02038  -1.1696e+01 | 54 -0.00218  -4.5415e+00
 55  0.01753  -6.0989e+00 |
55 variables; iteration 40; function evaluation 59; phase 3
Function value   2.2898386e+03; maximum gradient component mag  -4.1462e+01
Var   Value    Gradient   |Var   Value    Gradient   |Var   Value    Gradient
  1 -0.19541  -4.1462e+01 |  2 -0.35793   2.8901e+01 |  3  0.00400  -3.2521e-01
  4  0.01045  -1.7382e+01 |  5  0.00933   4.2845e+00 |  6  0.00570  -7.3305e+00
  7  0.03171   4.5066e+00 |  8  0.00834   3.6748e+00 |  9 -0.02032  -1.4604e+00
 10 -0.00860  -1.1301e+00 | 11 -0.03143  -9.0125e+00 | 12 -0.02284  -2.3304e+01
 13 -0.04274  -4.8970e+00 | 14 -0.04768  -5.1272e+00 | 15 -0.04029  -1.7631e+00
 16  0.06087   1.0256e+01 | 17 -0.00004  -5.5315e+00 | 18 -0.02484   3.0108e+00
 19  0.06460  -1.0994e+01 | 20  0.06320   2.5840e+01 | 21  0.05934   4.2708e+00
 22  0.05954   1.0609e+01 | 23 -0.02250   4.2493e-01 | 24  0.00456   2.7271e+00
 25 -0.03214   7.4816e+00 | 26  0.03166   1.4472e+01 | 27 -0.00719   3.3939e+00
 28  0.01560  -8.0228e+00 | 29 -0.04856  -9.9945e+00 | 30 -0.00695   3.4693e+00
 31 -0.03953  -4.1009e+00 | 32  0.06611  -1.6585e+00 | 33  0.06311   5.2066e+00
 34  0.00736  -6.9314e+00 | 35  0.04341  -2.3531e+00 | 36 -0.04554   2.0334e+00
 37  0.03340   3.5365e+00 | 38 -0.01891   1.8399e+00 | 39 -0.06264   7.6826e-01
 40 -0.03690  -2.2686e+00 | 41 -0.05175  -1.7147e+00 | 42 -0.01388   9.8720e+00
 43  0.03581   7.2060e+00 | 44  0.03739   8.4499e+00 | 45 -0.02872  -8.3251e+00
 46 -0.00418   7.1865e+00 | 47  0.04019   1.1694e+01 | 48  0.02251  -3.6490e+00
 49 -0.03187  -6.7721e+00 | 50 -0.00298   2.0396e-01 | 51 -0.07725  -7.7331e+00
 52 -0.04331   4.4532e-02 | 53  0.02050  -8.0575e+00 | 54 -0.00221  -2.9967e+00
 55  0.01714  -3.1254e+00 |
55 variables; iteration 50; function evaluation 75; phase 3
Function value   2.2897925e+03; maximum gradient component mag  -1.7149e+01
Var   Value    Gradient   |Var   Value    Gradient   |Var   Value    Gradient
  1 -0.19579  -1.7149e+01 |  2 -0.35881   1.1371e+01 |  3  0.00399   2.8026e+00
  4  0.01081  -6.2749e+00 |  5  0.00915  -4.2054e-01 |  6  0.00569  -7.2037e+00
  7  0.03165   1.2939e+00 |  8  0.00831   2.8299e+00 |  9 -0.02031  -8.0982e-01
 10 -0.00864  -2.3656e+00 | 11 -0.03122  -3.6781e+00 | 12 -0.02242  -1.0972e+01
 13 -0.04260  -1.3119e+00 | 14 -0.04741   3.4261e-01 | 15 -0.04019   1.2662e-01
 16  0.06077   3.9362e+00 | 17 -0.00002  -3.9726e+00 | 18 -0.02491   3.3053e+00
 19  0.06475  -4.7880e+00 | 20  0.06284   1.0124e+01 | 21  0.05931   1.6674e+00
 22  0.05943   4.1218e+00 | 23 -0.02263  -2.5623e-01 | 24  0.00457   3.8168e+00
 25 -0.03247   3.1808e+00 | 26  0.03150   5.8981e+00 | 27 -0.00737  -7.7802e-01
 28  0.01570  -3.1750e+00 | 29 -0.04821  -2.2637e+00 | 30 -0.00708   6.5187e-01
 31 -0.03934   4.1407e-01 | 32  0.06617  -9.5559e-01 | 33  0.06310   2.0940e+00
 34  0.00749  -3.8131e+00 | 35  0.04347  -9.8407e-01 | 36 -0.04566   1.5289e+00
 37  0.03340   1.5380e+00 | 38 -0.01896   2.7919e-01 | 39 -0.06271   7.8703e-01
 40 -0.03679   1.9956e+00 | 41 -0.05178  -1.0012e+00 | 42 -0.01405   5.0172e+00
 43  0.03576   2.5202e+00 | 44  0.03730   2.6401e+00 | 45 -0.02849  -3.1733e+00
 46 -0.00438   1.9883e+00 | 47  0.04006   3.8254e+00 | 48  0.02250  -3.3341e+00
 49 -0.03177  -2.1356e+00 | 50 -0.00317  -3.3230e+00 | 51 -0.07700  -1.9166e+00
 52 -0.04343  -2.3814e-01 | 53  0.02074  -7.9926e-01 | 54 -0.00215  -1.3278e+00
 55  0.01683  -1.1901e+00 |

 - final statistics:
55 variables; iteration 57; function evaluation 89
Function value   2.2898e+03; maximum gradient component mag  -2.8708e-01
Exit code = 1;  converg criter   1.0000e+00
Var   Value    Gradient   |Var   Value    Gradient   |Var   Value    Gradient
  1 -0.19599  -2.8708e-01 |  2 -0.35937   2.0436e-01 |  3  0.00373   6.3040e-02
  4  0.01105  -2.0675e-01 |  5  0.00914  -6.4033e-03 |  6  0.00592  -8.5217e-02
  7  0.03165   4.1988e-02 |  8  0.00823   8.8408e-02 |  9 -0.02027  -1.7942e-01
 10 -0.00854   9.0565e-02 | 11 -0.03108   2.9847e-02 | 12 -0.02205  -1.8933e-01
 13 -0.04253   8.4969e-02 | 14 -0.04740  -3.2782e-02 | 15 -0.04018  -6.3849e-02
 16  0.06072   6.5057e-02 | 17  0.00013  -8.8358e-02 | 18 -0.02518  -1.1201e-01
 19  0.06487  -1.0739e-01 | 20  0.06262   2.3447e-01 | 21  0.05931   2.7750e-02
 22  0.05936   6.8468e-02 | 23 -0.02264   1.7202e-01 | 24  0.00444   1.0798e-01
 25 -0.03268   9.6640e-02 | 26  0.03139   1.3031e-01 | 27 -0.00736  -6.9952e-02
 28  0.01576  -4.3788e-02 | 29 -0.04815  -2.1829e-01 | 30 -0.00712   8.5595e-02
 31 -0.03941   5.9307e-02 | 32  0.06624  -3.8737e-02 | 33  0.06310   2.2350e-02
 34  0.00766   2.0925e-02 | 35  0.04353  -4.2175e-02 | 36 -0.04581   2.4519e-02
 37  0.03341   9.8637e-03 | 38 -0.01897   4.2275e-02 | 39 -0.06278   7.5761e-02
 40 -0.03688  -7.4457e-02 | 41 -0.05176   8.6941e-02 | 42 -0.01421   7.9570e-03
 43  0.03575   5.1384e-02 | 44  0.03729   5.1752e-02 | 45 -0.02834  -4.7841e-02
 46 -0.00445  -1.4787e-01 | 47  0.04002   1.1506e-01 | 48  0.02259  -1.4976e-03
 49 -0.03172  -2.0125e-01 | 50 -0.00310   4.3906e-02 | 51 -0.07694   5.1736e-02
 52 -0.04346  -2.9326e-02 | 53  0.02074  -1.7029e-01 | 54 -0.00212   4.9030e-02
 55  0.01662  -2.0589e-02 |
3 206 -log(L): 2289.78  between 

Initial statistics: 56 variables; iteration 0; function evaluation 0; phase 4
Function value   2.2897811e+03; maximum gradient component mag  -3.2286e+02
Var   Value    Gradient   |Var   Value    Gradient   |Var   Value    Gradient
  1 -0.19599  -2.8708e-01 |  2 -0.35937   2.0436e-01 |  3  0.00373   6.4475e-02
  4  0.01105  -2.0532e-01 |  5  0.00914  -4.9687e-03 |  6  0.00592  -8.3782e-02
  7  0.03165   4.3421e-02 |  8  0.00823   8.9843e-02 |  9 -0.02027  -1.7798e-01
 10 -0.00854   9.1999e-02 | 11 -0.03108   3.1280e-02 | 12 -0.02205  -1.8790e-01
 13 -0.04253   8.6400e-02 | 14 -0.04740  -3.1352e-02 | 15 -0.04018  -6.2417e-02
 16  0.06072   6.6486e-02 | 17  0.00013  -8.6923e-02 | 18 -0.02518  -1.1058e-01
 19  0.06487  -1.0596e-01 | 20  0.06262   2.3590e-01 | 21  0.05931   2.9178e-02
 22  0.05936   6.9897e-02 | 23 -0.02264   1.7345e-01 | 24  0.00444   1.0942e-01
 25 -0.03268   9.8073e-02 | 26  0.03139   1.3174e-01 | 27 -0.00736  -6.8517e-02
 28  0.01576  -4.2354e-02 | 29 -0.04815  -2.1686e-01 | 30 -0.00712   8.7030e-02
 31 -0.03941   6.0738e-02 | 32  0.06624  -3.7310e-02 | 33  0.06310   2.3778e-02
 34  0.00766   2.2360e-02 | 35  0.04353  -4.0744e-02 | 36 -0.04581   2.5950e-02
 37  0.03341   1.1296e-02 | 38 -0.01897   4.3709e-02 | 39 -0.06278   7.7189e-02
 40 -0.03688  -7.3024e-02 | 41 -0.05176   8.8371e-02 | 42 -0.01421   9.3913e-03
 43  0.03575   5.2817e-02 | 44  0.03729   5.3184e-02 | 45 -0.02834  -4.6408e-02
 46 -0.00445  -1.4644e-01 | 47  0.04002   1.1649e-01 | 48  0.02259  -6.3785e-05
 49 -0.03172  -1.9981e-01 | 50 -0.00310   4.5341e-02 | 51 -0.07694   5.3160e-02
 52 -0.04346  -2.7895e-02 | 53  0.02074  -1.6886e-01 | 54 -0.00212   5.0464e-02
 55  0.01662  -1.9154e-02 | 56  0.00000  -3.2286e+02 |

Intermediate statistics: 56 variables; iteration 10; function evaluation 15; phase 4
Function value   2.2888742e+03; maximum gradient component mag  -2.6854e+02
Var   Value    Gradient   |Var   Value    Gradient   |Var   Value    Gradient
  1 -0.19979   1.5282e+02 |  2 -0.37170  -7.8518e+01 |  3  0.00121  -2.0016e+01
  4  0.01052   1.6808e+00 |  5  0.00897   1.3150e+01 |  6  0.00568   9.9539e+00
  7  0.03155   1.4244e+01 |  8  0.00810   8.9117e+00 |  9 -0.02048   5.2358e+00
 10 -0.00835   1.3623e+01 | 11 -0.03095   1.0287e+01 | 12 -0.02165   1.6411e+01
 13 -0.04222   1.1838e+01 | 14 -0.04706   1.0712e+01 | 15 -0.03993   7.7842e+00
 16  0.06053  -1.5619e+01 | 17  0.00029   5.3860e+00 | 18 -0.02550  -1.8967e+00
 19  0.06504  -9.5722e+00 | 20  0.06255  -2.2042e+01 | 21  0.05924  -2.4649e+01
 22  0.05953  -1.9430e+01 | 23 -0.02308  -8.4291e+00 | 24  0.00476  -3.0430e-01
 25 -0.03285  -3.6140e+00 | 26  0.03173  -4.5349e+00 | 27 -0.00709  -1.6608e-01
 28  0.01639   6.9535e+00 | 29 -0.04818  -1.2008e+00 | 30 -0.00647   8.1643e+00
 31 -0.03927  -9.8612e-01 | 32  0.06689  -2.6178e+01 | 33  0.06385  -2.5237e+01
 34  0.00798  -1.5057e+01 | 35  0.04434  -1.6597e+01 | 36 -0.04626  -1.1749e+01
 37  0.03409  -1.3308e+01 | 38 -0.01851  -3.3465e+00 | 39 -0.06263  -6.0543e-01
 40 -0.03636   8.6937e+00 | 41 -0.05138   7.5863e+00 | 42 -0.01374   6.5445e+00
 43  0.03600  -1.4147e+01 | 44  0.03756  -1.2996e+01 | 45 -0.02831  -1.9259e+00
 46 -0.00426   1.0183e+00 | 47  0.04009  -6.1530e+00 | 48  0.02279   1.0640e+01
 49 -0.03189   8.8898e+00 | 50 -0.00266   4.1619e+01 | 51 -0.07868  -4.8522e+00
 52 -0.04407   5.9166e+00 | 53  0.02040   1.7068e+01 | 54 -0.00413  -7.6485e+00
 55  0.01566   8.8470e+00 | 56  0.00378  -2.6854e+02 |
56 variables; iteration 20; function evaluation 26; phase 4
Function value   2.2888516e+03; maximum gradient component mag  -2.6645e+02
Var   Value    Gradient   |Var   Value    Gradient   |Var   Value    Gradient
  1 -0.20018   1.4889e+02 |  2 -0.37298  -7.7656e+01 |  3  0.00111  -2.1595e+01
  4  0.01045  -2.1931e-01 |  5  0.00899   1.3587e+01 |  6  0.00567   9.0617e+00
  7  0.03139   6.5235e+00 |  8  0.00815   9.4309e+00 |  9 -0.02052   4.0211e+00
 10 -0.00831   1.4524e+01 | 11 -0.03100   8.6029e+00 | 12 -0.02164   1.6020e+01
 13 -0.04233   8.5063e+00 | 14 -0.04716   7.4249e+00 | 15 -0.04017   2.2058e+00
 16  0.06047  -2.0960e+01 | 17  0.00033   4.8937e+00 | 18 -0.02569  -6.0274e+00
 19  0.06515  -7.8364e+00 | 20  0.06258  -2.4257e+01 | 21  0.05922  -2.9153e+01
 22  0.05960  -2.0212e+01 | 23 -0.02315  -1.1211e+01 | 24  0.00498   3.5467e+00
 25 -0.03289  -5.7659e+00 | 26  0.03188  -1.7672e+00 | 27 -0.00700  -1.8790e-02
 28  0.01667   1.4779e+01 | 29 -0.04817  -3.0832e+00 | 30 -0.00642   5.8217e+00
 31 -0.03924  -2.8443e+00 | 32  0.06704  -2.1981e+01 | 33  0.06396  -2.3423e+01
 34  0.00811  -1.4767e+01 | 35  0.04435  -2.0975e+01 | 36 -0.04600  -1.0917e+01
 37  0.03393  -2.9035e+01 | 38 -0.01837  -4.1147e+00 | 39 -0.06264  -3.1682e+00
 40 -0.03619   1.0454e+01 | 41 -0.05119   9.0991e+00 | 42 -0.01358   7.6847e+00
 43  0.03602  -1.9612e+01 | 44  0.03759  -1.8503e+01 | 45 -0.02819  -2.8160e+00
 46 -0.00391   6.5735e+00 | 47  0.04047   4.3469e+00 | 48  0.02301   1.1324e+01
 49 -0.03140   1.2960e+01 | 50 -0.00246   3.5287e+01 | 51 -0.07795  -1.4313e+00
 52 -0.04368   4.8622e+00 | 53  0.02097   1.9251e+01 | 54 -0.00331  -4.6123e+00
 55  0.00982   4.0473e+00 | 56  0.00395  -2.6645e+02 |
56 variables; iteration 30; function evaluation 42; phase 4
Function value   2.2879758e+03; maximum gradient component mag  -1.0753e+02
Var   Value    Gradient   |Var   Value    Gradient   |Var   Value    Gradient
  1 -0.20415   6.5457e+01 |  2 -0.38532  -3.2559e+01 |  3  0.00126  -7.0999e+00
  4  0.00978  -7.7984e-01 |  5  0.00850   1.0300e+01 |  6  0.00518   6.1301e+00
  7  0.03075  -1.3600e+00 |  8  0.00755   3.3958e+00 |  9 -0.02061   7.2111e+00
 10 -0.00919  -4.3362e+00 | 11 -0.03145   7.5034e-01 | 12 -0.02219   3.8670e+00
 13 -0.04266   2.6718e+00 | 14 -0.04739   3.4318e+00 | 15 -0.04043  -2.6826e+00
 16  0.06065  -5.4071e+00 | 17  0.00020   1.0968e-01 | 18 -0.02598  -1.3869e+01
 19  0.06572   1.3377e+01 | 20  0.06294  -1.4248e+01 | 21  0.05993  -6.8236e+00
 22  0.06015  -3.5669e+00 | 23 -0.02293  -1.3499e+01 | 24  0.00561   1.1371e+01
 25 -0.03263  -7.8049e+00 | 26  0.03239   9.3339e+00 | 27 -0.00651   4.0672e+00
 28  0.01679   6.3513e+00 | 29 -0.04783  -5.0740e+00 | 30 -0.00639  -5.2618e+00
 31 -0.03874  -2.1455e+00 | 32  0.06775  -5.4299e+00 | 33  0.06486  -7.3307e-01
 34  0.00856  -1.5790e+01 | 35  0.04531   6.6129e-01 | 36 -0.04562  -1.3322e+01
 37  0.03471  -9.9515e+00 | 38 -0.01730   1.3827e+01 | 39 -0.06203  -1.5071e+00
 40 -0.03599   2.3057e+00 | 41 -0.05100   2.7530e+00 | 42 -0.01367  -6.6749e+00
 43  0.03664  -5.2086e+00 | 44  0.03814  -5.1887e+00 | 45 -0.02745   4.4860e+00
 46 -0.00430  -9.1951e+00 | 47  0.04043   5.2847e+00 | 48  0.02271   9.0100e+00
 49 -0.03301  -1.3121e+01 | 50 -0.00381   1.5805e+01 | 51 -0.07867   2.4514e+00
 52 -0.04479   7.3430e-01 | 53  0.01948   4.1999e+00 | 54 -0.00346   2.8804e+00
 55  0.00993   1.5774e+00 | 56  0.00903  -1.0753e+02 |
56 variables; iteration 40; function evaluation 58; phase 4
Function value   2.2878374e+03; maximum gradient component mag  -4.6228e+01
Var   Value    Gradient   |Var   Value    Gradient   |Var   Value    Gradient
  1 -0.20581   3.0213e+01 |  2 -0.38971  -1.5572e+01 |  3  0.00111  -4.6936e+00
  4  0.00947  -2.0775e+00 |  5  0.00867   2.1988e+01 |  6  0.00511   1.0338e+01
  7  0.03065   1.9749e+00 |  8  0.00692  -1.1199e+01 |  9 -0.02088   1.6213e+00
 10 -0.00956  -1.3907e+01 | 11 -0.03154  -9.8293e-01 | 12 -0.02215   5.4759e+00
 13 -0.04265   2.5643e+00 | 14 -0.04714   7.9582e+00 | 15 -0.03985   7.4512e+00
 16  0.06070  -1.4075e-01 | 17  0.00011  -2.3690e+00 | 18 -0.02537  -5.2444e+00
 19  0.06556   8.9544e+00 | 20  0.06339   6.0797e+00 | 21  0.05971  -1.3025e+01
 22  0.06024   9.1241e-01 | 23 -0.02289  -1.4049e+01 | 24  0.00522  -1.6444e+00
 25 -0.03244  -6.7229e+00 | 26  0.03231   4.0612e+00 | 27 -0.00643   4.2965e+00
 28  0.01684   5.6666e+00 | 29 -0.04790  -7.6552e+00 | 30 -0.00601   3.9688e+00
 31 -0.03879  -4.7401e+00 | 32  0.06797   1.5119e+00 | 33  0.06494  -2.2559e+00
 34  0.00867  -1.6709e+01 | 35  0.04551   6.3174e+00 | 36 -0.04463  -2.0937e+00
 37  0.03497  -2.4667e+00 | 38 -0.01783  -4.7249e+00 | 39 -0.06139   6.2919e+00
 40 -0.03560   1.1212e+01 | 41 -0.05109  -1.2860e+00 | 42 -0.01358  -6.9703e+00
 43  0.03656  -1.1949e+01 | 44  0.03847   8.2445e+00 | 45 -0.02794  -5.8806e+00
 46 -0.00398  -9.8531e-01 | 47  0.04030   1.4334e+00 | 48  0.02224  -4.6190e+00
 49 -0.03264  -7.9073e-01 | 50 -0.00462  -1.6760e+00 | 51 -0.07871   6.7861e+00
 52 -0.04524  -9.7344e-01 | 53  0.01886  -2.0862e+00 | 54 -0.00367   4.4410e+00
 55  0.01006   7.4887e-01 | 56  0.01090  -4.6228e+01 |
56 variables; iteration 50; function evaluation 75; phase 4
Function value   2.2877790e+03; maximum gradient component mag  -2.0957e+01
Var   Value    Gradient   |Var   Value    Gradient   |Var   Value    Gradient
  1 -0.20642   1.3450e+01 |  2 -0.39129  -6.9631e+00 |  3  0.00093  -4.3526e+00
  4  0.00947   6.4292e-01 |  5  0.00818   8.3660e+00 |  6  0.00493   6.7427e+00
  7  0.03052   8.3508e-01 |  8  0.00702  -5.7695e+00 |  9 -0.02097   2.0062e+00
 10 -0.00941  -7.0347e+00 | 11 -0.03162  -1.2405e+00 | 12 -0.02216   6.0796e+00
 13 -0.04289  -2.4772e+00 | 14 -0.04732   4.1968e+00 | 15 -0.03998   5.0815e+00
 16  0.06066  -2.3600e-04 | 17  0.00020   2.9024e-01 | 18 -0.02518  -2.3254e+00
 19  0.06543   3.8518e+00 | 20  0.06329   2.5284e+00 | 21  0.05987  -6.3902e+00
 22  0.06019   1.3537e-01 | 23 -0.02234  -5.4685e+00 | 24  0.00518  -2.5707e+00
 25 -0.03217  -2.7369e+00 | 26  0.03224   9.0877e-01 | 27 -0.00639   4.4155e+00
 28  0.01672   9.1244e-01 | 29 -0.04751  -2.0373e+00 | 30 -0.00622  -2.7553e+00
 31 -0.03853  -1.1029e+00 | 32  0.06797   8.1643e-01 | 33  0.06497  -1.0137e+00
 34  0.00909  -7.6802e+00 | 35  0.04546   3.0112e+00 | 36 -0.04448  -1.0791e+00
 37  0.03501  -1.2772e+00 | 38 -0.01767  -1.3496e+00 | 39 -0.06164   1.2662e+00
 40 -0.03567   8.0849e+00 | 41 -0.05120  -4.2738e+00 | 42 -0.01347  -3.7145e+00
 43  0.03669  -5.7536e+00 | 44  0.03838   3.7226e+00 | 45 -0.02762  -2.7605e-01
 46 -0.00387   2.1186e+00 | 47  0.04026   4.1147e-01 | 48  0.02228  -1.7540e+00
 49 -0.03264  -2.4476e-01 | 50 -0.00463   1.9668e-02 | 51 -0.07895   4.1237e+00
 52 -0.04545  -4.0236e+00 | 53  0.01881  -1.1379e+00 | 54 -0.00385   2.7449e+00
 55  0.01020   3.1836e-01 | 56  0.01163  -2.0957e+01 |
56 variables; iteration 60; function evaluation 94; phase 4
Function value   2.2877605e+03; maximum gradient component mag  -3.6093e+00
Var   Value    Gradient   |Var   Value    Gradient   |Var   Value    Gradient
  1 -0.20683   2.1825e+00 |  2 -0.39235  -1.2255e+00 |  3  0.00105  -5.9670e-01
  4  0.00936   4.6329e-01 |  5  0.00794   1.6985e+00 |  6  0.00469   8.4862e-01
  7  0.03044   3.9244e-01 |  8  0.00709  -1.9424e+00 |  9 -0.02112   5.4061e-01
 10 -0.00925  -5.6156e-01 | 11 -0.03162  -9.0831e-02 | 12 -0.02237   1.1335e+00
 13 -0.04282  -4.5044e-01 | 14 -0.04753   2.7596e-01 | 15 -0.04021   9.7804e-01
 16  0.06063   1.1731e-02 | 17  0.00019   5.0669e-01 | 18 -0.02505  -3.3684e-01
 19  0.06535   6.4191e-01 | 20  0.06323   3.9551e-01 | 21  0.06000  -1.1573e+00
 22  0.06018  -3.0960e-03 | 23 -0.02206  -1.0845e+00 | 24  0.00524  -4.5931e-01
 25 -0.03203  -6.9329e-01 | 26  0.03225   2.7108e-01 | 27 -0.00653   9.0218e-02
 28  0.01673   2.7911e-01 | 29 -0.04735   1.4306e-01 | 30 -0.00611  -1.4099e-01
 31 -0.03844  -2.2630e-01 | 32  0.06797   1.2512e-01 | 33  0.06499  -1.6338e-01
 34  0.00935  -1.8914e+00 | 35  0.04542   5.4430e-01 | 36 -0.04436  -1.3870e-01
 37  0.03503  -3.5093e-01 | 38 -0.01759   2.2068e-01 | 39 -0.06166   2.1713e-01
 40 -0.03589   8.4316e-01 | 41 -0.05099  -3.8601e-01 | 42 -0.01338  -1.2111e+00
 43  0.03680  -9.9536e-01 | 44  0.03833   6.4898e-01 | 45 -0.02757   3.4465e-03
 46 -0.00392   3.7152e-01 | 47  0.04025   5.4466e-02 | 48  0.02229  -3.7192e-01
 49 -0.03264   2.1909e-01 | 50 -0.00466  -9.7438e-02 | 51 -0.07925   7.0982e-01
 52 -0.04528  -6.4397e-01 | 53  0.01880  -2.4746e-01 | 54 -0.00406   4.8126e-01
 55  0.01031   5.7051e-02 | 56  0.01212  -3.6093e+00 |

 - final statistics:
56 variables; iteration 63; function evaluation 99
Function value   2.2878e+03; maximum gradient component mag  -4.2775e-01
Exit code = 1;  converg criter   1.0000e+00
Var   Value    Gradient   |Var   Value    Gradient   |Var   Value    Gradient
  1 -0.20690   2.5179e-01 |  2 -0.39254  -1.3959e-01 |  3  0.00106  -7.0066e-02
  4  0.00933   4.3634e-02 |  5  0.00788   1.9867e-01 |  6  0.00466   9.5083e-02
  7  0.03042   4.4049e-02 |  8  0.00713  -2.4006e-01 |  9 -0.02116   6.2945e-02
 10 -0.00925  -5.1310e-02 | 11 -0.03163  -8.0497e-02 | 12 -0.02241   1.4281e-01
 13 -0.04281  -4.7172e-02 | 14 -0.04754   6.7192e-02 | 15 -0.04025   1.2451e-01
 16  0.06062   1.9039e-03 | 17  0.00017   6.2632e-02 | 18 -0.02503  -4.1924e-02
 19  0.06534   7.6121e-02 | 20  0.06322   4.6565e-02 | 21  0.06003  -1.3761e-01
 22  0.06017  -6.6969e-04 | 23 -0.02200  -1.2774e-01 | 24  0.00526  -5.5828e-02
 25 -0.03199  -8.2202e-02 | 26  0.03224   3.1981e-02 | 27 -0.00653   1.0331e-02
 28  0.01673   3.2810e-02 | 29 -0.04735   1.8157e-02 | 30 -0.00611  -1.6752e-02
 31 -0.03842  -2.7648e-02 | 32  0.06797   1.5887e-02 | 33  0.06499  -1.9032e-02
 34  0.00943  -2.1692e-01 | 35  0.04541   6.4943e-02 | 36 -0.04434  -1.6753e-02
 37  0.03504  -4.0738e-02 | 38 -0.01759   3.0623e-02 | 39 -0.06166   2.2316e-02
 40 -0.03590   9.9783e-02 | 41 -0.05097  -1.9538e-02 | 42 -0.01334  -1.4427e-01
 43  0.03682  -1.1866e-01 | 44  0.03833   7.5820e-02 | 45 -0.02756   6.0153e-03
 46 -0.00393   4.1748e-02 | 47  0.04025   5.5866e-03 | 48  0.02230  -4.4839e-02
 49 -0.03266   2.3344e-02 | 50 -0.00466  -1.2263e-02 | 51 -0.07930   8.3692e-02
 52 -0.04525  -7.7397e-02 | 53  0.01880  -2.9148e-02 | 54 -0.00410   5.6277e-02
 55  0.01034   6.1764e-03 | 56  0.01221  -4.2775e-01 |
4 307 -log(L): 2287.76  between 

Initial statistics: 106 variables; iteration 0; function evaluation 0; phase 5
Function value   2.2877599e+03; maximum gradient component mag   1.7313e+03
Var   Value    Gradient   |Var   Value    Gradient   |Var   Value    Gradient
  1 -0.20690   2.5179e-01 |  2 -0.39254  -1.3959e-01 |  3  0.00106  -6.7678e-02
  4  0.00933   4.6022e-02 |  5  0.00788   2.0105e-01 |  6  0.00466   9.7471e-02
  7  0.03042   4.6434e-02 |  8  0.00713  -2.3767e-01 |  9 -0.02116   6.5332e-02
 10 -0.00925  -4.8923e-02 | 11 -0.03163  -7.8112e-02 | 12 -0.02241   1.4520e-01
 13 -0.04280  -4.4789e-02 | 14 -0.04754   6.9573e-02 | 15 -0.04025   1.2689e-01
 16  0.06062   4.2809e-03 | 17  0.00017   6.5020e-02 | 18 -0.02503  -3.9538e-02
 19  0.06534   7.8496e-02 | 20  0.06322   4.8941e-02 | 21  0.06003  -1.3523e-01
 22  0.06017   1.7075e-03 | 23 -0.02200  -1.2535e-01 | 24  0.00526  -5.3441e-02
 25 -0.03199  -7.9817e-02 | 26  0.03224   3.4365e-02 | 27 -0.00653   1.2719e-02
 28  0.01673   3.5197e-02 | 29 -0.04735   2.0539e-02 | 30 -0.00611  -1.4364e-02
 31 -0.03842  -2.5265e-02 | 32  0.06797   1.8261e-02 | 33  0.06499  -1.6657e-02
 34  0.00943  -2.1453e-01 | 35  0.04541   6.7325e-02 | 36 -0.04434  -1.4371e-02
 37  0.03504  -3.8354e-02 | 38 -0.01759   3.3010e-02 | 39 -0.06166   2.4693e-02
 40 -0.03590   1.0217e-01 | 41 -0.05097  -1.7158e-02 | 42 -0.01334  -1.4188e-01
 43  0.03682  -1.1628e-01 | 44  0.03833   7.8203e-02 | 45 -0.02756   8.4009e-03
 46 -0.00393   4.4136e-02 | 47  0.04025   7.9696e-03 | 48  0.02230  -4.2453e-02
 49 -0.03266   2.5728e-02 | 50 -0.00466  -9.8753e-03 | 51 -0.07930   8.6061e-02
 52 -0.04525  -7.5015e-02 | 53  0.01880  -2.6761e-02 | 54 -0.00410   5.8665e-02
 55  0.01034   8.5639e-03 | 56  0.01221  -4.2775e-01 | 57  0.00000  -1.2708e+03
 58  0.00000   4.5996e+02 | 59  0.00000  -9.4192e+01 | 60  0.00000  -3.7509e+01
 61  0.00000  -3.2539e+02 | 62  0.00000   2.5504e+02 | 63  0.00000   5.2468e+01
 64  0.00000   1.4752e+02 | 65  0.00000   9.3117e+01 | 66  0.00000   4.5301e+02
 67  0.00000   5.9806e+02 | 68  0.00000  -7.4826e+02 | 69  0.00000  -2.5349e+02
 70  0.00000   3.8092e+02 | 71  0.00000  -1.1602e+03 | 72  0.00000  -1.0459e+03
 73  0.00000  -1.3179e+03 | 74  0.00000  -1.5146e+03 | 75  0.00000  -6.4676e+02
 76  0.00000  -8.1935e+01 | 77  0.00000  -3.8588e+02 | 78  0.00000   8.0178e+02
 79  0.00000  -8.0249e+02 | 80  0.00000  -4.6755e+02 | 81  0.00000  -7.6653e+02
 82  0.00000   4.3203e+01 | 83  0.00000  -1.1356e+01 | 84  0.00000  -1.3128e+03
 85  0.00000  -9.6230e+02 | 86  0.00000   4.1971e+02 | 87  0.00000   2.3490e+02
 88  0.00000   7.2935e+01 | 89  0.00000  -3.4847e+02 | 90  0.00000  -3.1315e+02
 91  0.00000  -1.9872e+02 | 92  0.00000  -3.1138e+02 | 93  0.00000   1.5294e+02
 94  0.00000  -6.1308e+01 | 95  0.00000   1.7372e+02 | 96  0.00000   1.7313e+03
 97  0.00000   1.1751e+03 | 98  0.00000   9.5327e+02 | 99  0.00000   6.5894e+02
100  0.00000   9.3589e+02 |101  0.00000  -3.5671e+02 |102  0.00000  -7.6813e+02
103  0.00000  -1.3153e+02 |104  0.00000  -1.1276e+02 |105  0.00000   5.6907e+02
106  0.00000  -1.9863e+02 |

Intermediate statistics: 106 variables; iteration 10; function evaluation 16; phase 5
Function value   2.2533203e+03; maximum gradient component mag   1.2371e+03
Var   Value    Gradient   |Var   Value    Gradient   |Var   Value    Gradient
  1 -0.20175   4.2540e+02 |  2 -0.39126  -1.4268e+02 |  3  0.00414   2.7553e+01
  4  0.01152   3.9260e+01 |  5  0.01027   5.2054e+01 |  6  0.00521   1.4907e+01
  7  0.03068   5.2264e+00 |  8  0.00808   1.6552e+01 |  9 -0.01936   2.4980e+01
 10 -0.00890   1.4659e+01 | 11 -0.03274   7.4170e-01 | 12 -0.02438  -1.4119e+01
 13 -0.04526  -5.8119e+00 | 14 -0.05105  -1.0051e+01 | 15 -0.04591  -2.6333e+01
 16  0.05435  -1.8547e+02 | 17 -0.00404  -2.5619e+01 | 18 -0.03117  -1.7464e+01
 19  0.05740  -2.2559e+02 | 20  0.05831  -1.5925e+02 | 21  0.05801  -1.0117e+02
 22  0.06190  -3.1863e+01 | 23 -0.02084  -1.7062e+01 | 24  0.00269  -4.8362e+01
 25 -0.03325  -1.5204e+01 | 26  0.02771  -1.3230e+02 | 27 -0.00713  -3.9651e+01
 28  0.01638  -4.4745e+01 | 29 -0.04271   7.8128e+00 | 30 -0.00506   9.2357e-01
 31 -0.03929  -9.8655e+00 | 32  0.06849  -1.0274e+02 | 33  0.06850   2.1125e+00
 34  0.00873  -1.4484e+01 | 35  0.04604  -1.3005e+01 | 36 -0.04422   8.1429e+00
 37  0.03734   6.7326e+01 | 38 -0.01225   9.1603e+01 | 39 -0.05718   4.8506e+01
 40 -0.02966   1.1219e+02 | 41 -0.04531   7.3683e+01 | 42 -0.00641   1.4679e+02
 43  0.04373   2.6675e+02 | 44  0.04066   1.1891e+02 | 45 -0.03067   2.1372e-01
 46 -0.00515   1.5037e+01 | 47  0.03919   1.9830e+01 | 48  0.02061  -1.6558e+01
 49 -0.03163   1.7256e+01 | 50 -0.00433   1.0045e+01 | 51 -0.07868   9.9689e+00
 52 -0.04586   1.1634e+01 | 53  0.01745   2.8303e+00 | 54 -0.00485   1.7183e+01
 55  0.01010   1.4111e+01 | 56  0.01398   2.0297e+01 | 57  0.00094  -1.1197e+03
 58 -0.00294  -6.5882e+00 | 59  0.00006  -8.7435e+01 | 60  0.00031  -4.4433e+01
 61  0.00246  -1.0667e+02 | 62 -0.00100   6.7998e+01 | 63 -0.00007   4.9969e+00
 64 -0.00035   3.6685e+01 | 65  0.00022   1.2346e+00 | 66 -0.00312   8.4855e+01
 67 -0.00306   1.0242e+02 | 68  0.00075  -5.3179e+02 | 69  0.00091  -2.5182e+02
 70 -0.00306  -7.3833e+01 | 71  0.00049  -9.6983e+02 | 72  0.00114  -7.6386e+02
 73  0.00265  -7.9112e+02 | 74  0.00349  -8.4841e+02 | 75  0.00437  -4.0054e+02
 76 -0.00139  -3.1874e+02 | 77  0.00234  -2.6562e+02 | 78 -0.00272   8.2635e+01
 79  0.00315  -3.2976e+02 | 80  0.00090  -2.9846e+02 | 81  0.00799  -2.7076e+02
 82 -0.00094  -1.9660e+02 | 83 -0.00099  -1.7067e+02 | 84  0.00102  -1.1916e+03
 85  0.00225  -6.8322e+02 | 86 -0.00390  -1.9892e+02 | 87 -0.00085  -2.1499e+02
 88 -0.00090  -1.8249e+02 | 89  0.00059  -3.2147e+02 | 90  0.00198  -2.1258e+02
 91  0.00084  -1.4869e+02 | 92  0.00095  -1.3076e+02 | 93 -0.00097   4.1867e+01
 94  0.00101   1.1006e+02 | 95  0.00109   4.5524e+02 | 96 -0.00142   1.2371e+03
 97 -0.00438   6.4908e+02 | 98 -0.00228   5.8775e+02 | 99 -0.00066   6.1086e+02
100 -0.00223   5.7063e+02 |101  0.00381   8.7833e+01 |102  0.00236  -8.3822e+01
103  0.00081   4.6762e+01 |104  0.00039   3.4427e+01 |105 -0.00096   2.8616e+02
106  0.00113  -4.6296e+01 |
106 variables; iteration 20; function evaluation 28; phase 5
Function value   2.2530935e+03; maximum gradient component mag   1.2218e+03
Var   Value    Gradient   |Var   Value    Gradient   |Var   Value    Gradient
  1 -0.19947   4.4065e+02 |  2 -0.38674  -1.4217e+02 |  3  0.00566   4.1304e+01
  4  0.01169   3.5105e+01 |  5  0.01039   4.4720e+01 |  6  0.00541   1.1766e+01
  7  0.03072  -3.1094e+00 |  8  0.00795   1.0641e+01 |  9 -0.01963   1.7195e+01
 10 -0.00930   4.2441e+00 | 11 -0.03324  -5.9755e+00 | 12 -0.02481  -1.8295e+01
 13 -0.04612  -1.8036e+01 | 14 -0.05219  -2.5271e+01 | 15 -0.04767  -5.1201e+01
 16  0.05452  -1.7342e+02 | 17 -0.00463  -3.7806e+01 | 18 -0.03364  -5.3100e+01
 19  0.05819  -1.9612e+02 | 20  0.05894  -1.3664e+02 | 21  0.05848  -8.5638e+01
 22  0.06206  -2.5555e+01 | 23 -0.01948   4.3029e+00 | 24  0.00324  -3.5130e+01
 25 -0.03300  -1.0850e+01 | 26  0.02850  -1.0145e+02 | 27 -0.00670  -2.4345e+01
 28  0.01661  -3.4444e+01 | 29 -0.04138   2.6091e+01 | 30 -0.00496  -2.0877e+00
 31 -0.03911  -9.0769e+00 | 32  0.06856  -9.7803e+01 | 33  0.06812  -2.1070e+01
 34  0.00893  -1.4627e+01 | 35  0.04605  -1.7873e+01 | 36 -0.04375   1.0508e+01
 37  0.03727   5.1934e+01 | 38 -0.01239   8.1088e+01 | 39 -0.05602   6.5231e+01
 40 -0.02953   1.1066e+02 | 41 -0.04433   9.2376e+01 | 42 -0.00644   1.3945e+02
 43  0.04321   2.3463e+02 | 44  0.04056   1.1345e+02 | 45 -0.03085  -1.8110e+00
 46 -0.00483   2.5878e+01 | 47  0.03943   3.5556e+01 | 48  0.02080  -6.6185e+00
 49 -0.03177   1.2886e+01 | 50 -0.00453   4.0952e+00 | 51 -0.07870   1.1042e+01
 52 -0.04640   6.4299e+00 | 53  0.01685  -1.6348e+00 | 54 -0.00617   7.3850e+00
 55  0.00960   1.3034e+01 | 56  0.01264  -4.8494e+00 | 57  0.00111  -1.1022e+03
 58 -0.00276   1.3570e+01 | 59  0.00000  -1.0677e+02 | 60  0.00020  -6.2917e+01
 61  0.00260  -1.0363e+02 | 62 -0.00114   3.2698e+01 | 63 -0.00015  -1.7778e+01
 64 -0.00046   6.7845e+00 | 65  0.00028  -2.2453e+00 | 66 -0.00345   4.6570e+01
 67 -0.00292   1.0601e+02 | 68  0.00081  -5.5014e+02 | 69  0.00089  -2.7041e+02
 70 -0.00311  -9.3969e+01 | 71  0.00044  -1.0319e+03 | 72  0.00113  -7.9130e+02
 73  0.00263  -8.1244e+02 | 74  0.00349  -8.6354e+02 | 75  0.00440  -4.0949e+02
 76 -0.00127  -3.0044e+02 | 77  0.00225  -2.7097e+02 | 78 -0.00278   7.3828e+01
 79  0.00273  -3.7427e+02 | 80  0.00092  -2.6932e+02 | 81  0.00835  -2.2805e+02
 82 -0.00096  -1.6764e+02 | 83 -0.00128  -1.7118e+02 | 84  0.00112  -1.1148e+03
 85  0.00233  -6.2393e+02 | 86 -0.00385  -1.7071e+02 | 87 -0.00093  -2.1579e+02
 88 -0.00079  -1.6275e+02 | 89  0.00047  -3.4468e+02 | 90  0.00208  -2.0555e+02
 91  0.00086  -1.5503e+02 | 92  0.00074  -1.7097e+02 | 93 -0.00103   2.4300e+01
 94  0.00090   8.6382e+01 | 95  0.00086   3.7100e+02 | 96 -0.00142   1.2218e+03
 97 -0.00443   6.3341e+02 | 98 -0.00223   5.8682e+02 | 99 -0.00064   6.1694e+02
100 -0.00230   5.6114e+02 |101  0.00404   1.1771e+02 |102  0.00233  -7.9348e+01
103  0.00083   5.3904e+01 |104  0.00022   1.7255e+01 |105 -0.00103   2.6662e+02
106  0.00115  -4.2713e+01 |
106 variables; iteration 30; function evaluation 38; phase 5
Function value   2.2530336e+03; maximum gradient component mag   1.2019e+03
Var   Value    Gradient   |Var   Value    Gradient   |Var   Value    Gradient
  1 -0.19695   4.5402e+02 |  2 -0.37920  -1.3632e+02 |  3  0.00635   4.1561e+01
  4  0.01230   3.9781e+01 |  5  0.01073   4.5934e+01 |  6  0.00582   1.5524e+01
  7  0.03105  -8.4209e-02 |  8  0.00834   1.3455e+01 |  9 -0.01904   2.4281e+01
 10 -0.00901   7.0362e+00 | 11 -0.03284  -1.2430e+00 | 12 -0.02449  -1.3177e+01
 13 -0.04574  -1.3017e+01 | 14 -0.05185  -2.1114e+01 | 15 -0.04726  -4.5694e+01
 16  0.05463  -1.6841e+02 | 17 -0.00492  -4.4119e+01 | 18 -0.03305  -4.4402e+01
 19  0.05827  -1.8796e+02 | 20  0.05886  -1.3394e+02 | 21  0.05825  -8.7936e+01
 22  0.06160  -3.5842e+01 | 23 -0.02016  -2.3292e+00 | 24  0.00290  -3.8246e+01
 25 -0.03348  -1.5517e+01 | 26  0.02836  -9.6574e+01 | 27 -0.00707  -2.7035e+01
 28  0.01625  -3.7957e+01 | 29 -0.04159   2.7053e+01 | 30 -0.00541  -7.4055e+00
 31 -0.03970  -1.5043e+01 | 32  0.06823  -1.0385e+02 | 33  0.06775  -2.7615e+01
 34  0.00850  -1.9123e+01 | 35  0.04567  -2.4064e+01 | 36 -0.04428   5.8263e+00
 37  0.03699   4.8630e+01 | 38 -0.01251   8.2445e+01 | 39 -0.05618   6.4879e+01
 40 -0.02952   1.1342e+02 | 41 -0.04409   9.8811e+01 | 42 -0.00654   1.3784e+02
 43  0.04310   2.3351e+02 | 44  0.04035   1.1037e+02 | 45 -0.03136  -8.4202e+00
 46 -0.00499   2.3562e+01 | 47  0.03926   3.1302e+01 | 48  0.02078  -6.3574e+00
 49 -0.03168   1.3714e+01 | 50 -0.00432   5.7676e+00 | 51 -0.07836   1.1643e+01
 52 -0.04605   8.5786e+00 | 53  0.01722  -1.9091e-01 | 54 -0.00538   1.2276e+01
 55  0.00946   1.1458e+01 | 56  0.01084  -1.1164e+00 | 57  0.00127  -1.0922e+03
 58 -0.00271   1.4270e+01 | 59  0.00004  -1.0598e+02 | 60  0.00029  -6.1723e+01
 61  0.00267  -1.0366e+02 | 62 -0.00112   3.0697e+01 | 63 -0.00010  -1.7685e+01
 64 -0.00044   4.8687e+00 | 65  0.00030  -1.9576e+00 | 66 -0.00343   4.7731e+01
 67 -0.00293   1.0453e+02 | 68  0.00081  -5.4347e+02 | 69  0.00084  -2.7157e+02
 70 -0.00314  -9.4095e+01 | 71  0.00044  -1.0198e+03 | 72  0.00113  -7.8336e+02
 73  0.00260  -8.0998e+02 | 74  0.00342  -8.6516e+02 | 75  0.00418  -4.1287e+02
 76 -0.00126  -2.9342e+02 | 77  0.00223  -2.6789e+02 | 78 -0.00280   7.1907e+01
 79  0.00271  -3.7388e+02 | 80  0.00095  -2.6127e+02 | 81  0.00825  -2.3336e+02
 82 -0.00094  -1.5924e+02 | 83 -0.00125  -1.6526e+02 | 84  0.00113  -1.1124e+03
 85  0.00230  -6.3217e+02 | 86 -0.00387  -1.7310e+02 | 87 -0.00095  -2.2198e+02
 88 -0.00081  -1.6528e+02 | 89  0.00047  -3.4654e+02 | 90  0.00209  -2.0774e+02
 91  0.00085  -1.5629e+02 | 92  0.00075  -1.6883e+02 | 93 -0.00107   2.0089e+01
 94  0.00088   8.4369e+01 | 95  0.00084   3.6383e+02 | 96 -0.00149   1.2019e+03
 97 -0.00454   6.2113e+02 | 98 -0.00233   5.7318e+02 | 99 -0.00074   5.8997e+02
100 -0.00230   5.6009e+02 |101  0.00403   1.1588e+02 |102  0.00232  -8.0088e+01
103  0.00068   4.8506e+01 |104  0.00018   1.3727e+01 |105 -0.00090   3.0944e+02
106  0.00114  -4.4853e+01 |
106 variables; iteration 40; function evaluation 48; phase 5
Function value   2.2529807e+03; maximum gradient component mag   1.1961e+03
Var   Value    Gradient   |Var   Value    Gradient   |Var   Value    Gradient
  1 -0.19688   4.4610e+02 |  2 -0.37781  -1.3360e+02 |  3  0.00589   3.6822e+01
  4  0.01219   3.9896e+01 |  5  0.01055   4.5124e+01 |  6  0.00562   1.3901e+01
  7  0.03084  -2.0343e+00 |  8  0.00813   1.2768e+01 |  9 -0.01922   2.4498e+01
 10 -0.00923   5.9536e+00 | 11 -0.03308  -2.2221e+00 | 12 -0.02473  -1.4868e+01
 13 -0.04604  -1.5515e+01 | 14 -0.05221  -2.4281e+01 | 15 -0.04760  -4.8386e+01
 16  0.05440  -1.7132e+02 | 17 -0.00524  -4.7457e+01 | 18 -0.03313  -4.2933e+01
 19  0.05813  -1.8637e+02 | 20  0.05870  -1.3360e+02 | 21  0.05810  -8.7390e+01
 22  0.06150  -3.2990e+01 | 23 -0.02012   1.1214e+00 | 24  0.00277  -3.7542e+01
 25 -0.03338  -1.2162e+01 | 26  0.02823  -9.6760e+01 | 27 -0.00724  -2.7860e+01
 28  0.01614  -3.7216e+01 | 29 -0.04181   2.5722e+01 | 30 -0.00554  -8.0527e+00
 31 -0.03953  -1.0487e+01 | 32  0.06805  -1.0531e+02 | 33  0.06766  -2.4407e+01
 34  0.00830  -1.9927e+01 | 35  0.04545  -2.7054e+01 | 36 -0.04415   9.0428e+00
 37  0.03680   4.5921e+01 | 38 -0.01263   8.2732e+01 | 39 -0.05652   6.1074e+01
 40 -0.02966   1.1199e+02 | 41 -0.04414   9.9663e+01 | 42 -0.00664   1.3709e+02
 43  0.04303   2.3293e+02 | 44  0.04022   1.0742e+02 | 45 -0.03131  -6.2345e+00
 46 -0.00499   2.4558e+01 | 47  0.03922   2.7544e+01 | 48  0.02085  -6.3517e+00
 49 -0.03144   1.6261e+01 | 50 -0.00401   9.6771e+00 | 51 -0.07764   1.7128e+01
 52 -0.04548   1.2815e+01 | 53  0.01767   1.9623e+00 | 54 -0.00493   1.3084e+01
 55  0.01338   1.3923e+01 | 56  0.01054  -4.1957e+00 | 57  0.00125  -1.0897e+03
 58 -0.00268   1.9794e+01 | 59  0.00003  -1.0775e+02 | 60  0.00028  -6.2729e+01
 61  0.00265  -1.0543e+02 | 62 -0.00109   3.5029e+01 | 63 -0.00016  -2.4399e+01
 64 -0.00041   1.1948e+01 | 65  0.00029  -5.5612e-01 | 66 -0.00344   4.8235e+01
 67 -0.00290   1.0989e+02 | 68  0.00081  -5.4092e+02 | 69  0.00084  -2.7087e+02
 70 -0.00313  -9.3750e+01 | 71  0.00044  -1.0193e+03 | 72  0.00114  -7.7929e+02
 73  0.00263  -8.0413e+02 | 74  0.00346  -8.5798e+02 | 75  0.00413  -4.1587e+02
 76 -0.00128  -2.9504e+02 | 77  0.00227  -2.6442e+02 | 78 -0.00284   6.3062e+01
 79  0.00270  -3.7299e+02 | 80  0.00094  -2.6174e+02 | 81  0.00820  -2.3434e+02
 82 -0.00095  -1.5870e+02 | 83 -0.00129  -1.6854e+02 | 84  0.00113  -1.1095e+03
 85  0.00230  -6.3094e+02 | 86 -0.00391  -1.7459e+02 | 87 -0.00096  -2.2373e+02
 88 -0.00083  -1.6663e+02 | 89  0.00045  -3.4890e+02 | 90  0.00206  -2.1000e+02
 91  0.00080  -1.5905e+02 | 92  0.00073  -1.7278e+02 | 93 -0.00110   1.6958e+01
 94  0.00086   8.1597e+01 | 95  0.00084   3.6185e+02 | 96 -0.00149   1.1961e+03
 97 -0.00463   6.0822e+02 | 98 -0.00237   5.6513e+02 | 99 -0.00072   5.9639e+02
100 -0.00231   5.5399e+02 |101  0.00399   1.1216e+02 |102  0.00228  -9.0771e+01
103  0.00067   4.6073e+01 |104  0.00021   1.7580e+01 |105 -0.00090   3.1073e+02
106  0.00116  -4.3226e+01 |
106 variables; iteration 50; function evaluation 58; phase 5
Function value   2.2527710e+03; maximum gradient component mag   1.1835e+03
Var   Value    Gradient   |Var   Value    Gradient   |Var   Value    Gradient
  1 -0.19642   4.2621e+02 |  2 -0.37575  -1.2520e+02 |  3  0.00701   5.2073e+01
  4  0.01226   4.1481e+01 |  5  0.01065   4.5866e+01 |  6  0.00579   1.7933e+01
  7  0.03089   2.7471e+00 |  8  0.00815   1.4894e+01 |  9 -0.01920   2.5394e+01
 10 -0.00923   6.8859e+00 | 11 -0.03310  -2.1636e+00 | 12 -0.02466  -1.1981e+01
 13 -0.04606  -1.5572e+01 | 14 -0.05216  -2.2796e+01 | 15 -0.04742  -4.4033e+01
 16  0.05433  -1.6322e+02 | 17 -0.00546  -4.8307e+01 | 18 -0.03415  -5.5208e+01
 19  0.05798  -1.8259e+02 | 20  0.05859  -1.2397e+02 | 21  0.05787  -8.3271e+01
 22  0.06107  -4.0724e+01 | 23 -0.02007   4.6368e+00 | 24  0.00243  -3.9807e+01
 25 -0.03359  -1.3470e+01 | 26  0.02790  -9.9193e+01 | 27 -0.00754  -3.0229e+01
 28  0.01583  -3.9690e+01 | 29 -0.04237   1.8894e+01 | 30 -0.00588  -9.1376e+00
 31 -0.03983  -1.1023e+01 | 32  0.06797  -9.5537e+01 | 33  0.06733  -3.0083e+01
 34  0.00802  -2.3403e+01 | 35  0.04552  -1.4180e+01 | 36 -0.04521  -1.2259e+00
 37  0.03681   5.9486e+01 | 38 -0.01274   8.6321e+01 | 39 -0.05707   5.3815e+01
 40 -0.02992   1.1042e+02 | 41 -0.04473   9.1098e+01 | 42 -0.00708   1.2818e+02
 43  0.04271   2.2595e+02 | 44  0.04006   1.1263e+02 | 45 -0.03105   3.5912e+00
 46 -0.00555   1.9035e+01 | 47  0.03892   3.7014e+01 | 48  0.02023  -9.1613e+00
 49 -0.03228   1.1383e+01 | 50 -0.00498   1.4333e-01 | 51 -0.08013  -5.6330e+00
 52 -0.04689   2.0013e+00 | 53  0.01675  -2.5687e+00 | 54 -0.00466   2.4436e+01
 55  0.02809   2.2961e+01 | 56  0.01056   4.7559e+00 | 57  0.00134  -1.0668e+03
 58 -0.00273   1.5982e+01 | 59 -0.00009  -1.3208e+02 | 60  0.00030  -5.8217e+01
 61  0.00264  -1.0406e+02 | 62 -0.00109   3.9237e+01 | 63 -0.00014  -1.7236e+01
 64 -0.00041   1.6433e+01 | 65  0.00033   9.6103e+00 | 66 -0.00343   5.3718e+01
 67 -0.00289   1.1486e+02 | 68  0.00081  -5.3333e+02 | 69  0.00084  -2.6009e+02
 70 -0.00317  -8.9634e+01 | 71  0.00055  -9.8331e+02 | 72  0.00095  -8.1779e+02
 73  0.00265  -7.8968e+02 | 74  0.00349  -8.4003e+02 | 75  0.00417  -4.0525e+02
 76 -0.00124  -2.7580e+02 | 77  0.00244  -2.4073e+02 | 78 -0.00289   6.0693e+01
 79  0.00283  -3.4706e+02 | 80  0.00094  -2.5670e+02 | 81  0.00830  -2.2061e+02
 82 -0.00107  -1.8669e+02 | 83 -0.00124  -1.6149e+02 | 84  0.00117  -1.0886e+03
 85  0.00236  -6.0659e+02 | 86 -0.00378  -1.5522e+02 | 87 -0.00099  -2.2835e+02
 88 -0.00091  -1.6696e+02 | 89  0.00047  -3.4563e+02 | 90  0.00206  -2.0742e+02
 91  0.00084  -1.4936e+02 | 92  0.00059  -1.9300e+02 | 93 -0.00106   3.0209e+01
 94  0.00097   1.0582e+02 | 95  0.00083   3.5227e+02 | 96 -0.00149   1.1835e+03
 97 -0.00464   5.9505e+02 | 98 -0.00247   5.4158e+02 | 99 -0.00081   5.6131e+02
100 -0.00225   5.6547e+02 |101  0.00391   1.0553e+02 |102  0.00229  -8.0520e+01
103  0.00077   5.9893e+01 |104  0.00010   5.9900e+00 |105 -0.00093   3.0078e+02
106  0.00111  -4.8559e+01 |
106 variables; iteration 60; function evaluation 68; phase 5
Function value   2.2459542e+03; maximum gradient component mag   3.9347e+02
Var   Value    Gradient   |Var   Value    Gradient   |Var   Value    Gradient
  1 -0.20013   9.5875e+01 |  2 -0.38753  -2.1859e+01 |  3  0.00945   7.5472e+01
  4  0.01084  -9.4164e+00 |  5  0.00912  -3.9817e+01 |  6  0.00598   9.1654e+00
  7  0.03255   7.4710e+01 |  8  0.00988   5.5381e+01 |  9 -0.01767   4.4442e+01
 10 -0.00906  -3.1823e+00 | 11 -0.03164   1.6758e+01 | 12 -0.02583  -5.8490e+01
 13 -0.04386   2.2050e+01 | 14 -0.05099  -5.7782e+00 | 15 -0.04570  -6.0701e+00
 16  0.05491  -4.7857e+01 | 17 -0.00779  -8.8662e+01 | 18 -0.03455  -5.1650e+01
 19  0.05747  -1.1989e+02 | 20  0.05979  -9.2228e+00 | 21  0.05878   4.5410e+00
 22  0.06222   4.2618e+01 | 23 -0.01987   1.1500e+01 | 24 -0.00184  -1.5643e+02
 25 -0.03431  -3.7333e+01 | 26  0.03030   4.4531e+01 | 27 -0.00578   2.8199e+01
 28  0.01668  -3.6000e+00 | 29 -0.04622  -5.5822e+01 | 30 -0.00304   7.2469e+01
 31 -0.04119  -3.3920e+01 | 32  0.06865  -3.2608e+00 | 33  0.06861   5.0839e+01
 34  0.01028   2.9386e+01 | 35  0.04519  -3.3915e+01 | 36 -0.04661  -3.7752e+01
 37  0.03603  -5.1363e+01 | 38 -0.01727  -9.8728e+01 | 39 -0.06005  -3.9562e+01
 40 -0.03071   4.0041e+01 | 41 -0.04370   6.2860e+01 | 42 -0.00688   5.8227e+01
 43  0.04382   1.2372e+02 | 44  0.03957   4.2284e+00 | 45 -0.02871   2.9706e+01
 46 -0.00410   3.1139e+01 | 47  0.03934   2.1447e+01 | 48  0.02251   6.6011e+01
 49 -0.03220  -4.8850e+00 | 50 -0.00554  -4.8938e+01 | 51 -0.07470   4.0601e+01
 52 -0.04623  -6.5327e+00 | 53  0.01828   2.9856e+01 | 54 -0.00905  -3.8710e+01
 55  0.01508   4.9710e+00 | 56  0.01345   6.3338e+01 | 57  0.00239  -3.0369e+02
 58 -0.00328   5.9222e+00 | 59  0.00012  -3.2082e+01 | 60  0.00061   4.0373e+00
 61  0.00312  -2.2860e+01 | 62 -0.00143   1.3121e+01 | 63 -0.00041  -2.3676e+01
 64 -0.00074  -4.0615e+00 | 65  0.00025   8.3784e+00 | 66 -0.00356   6.5982e+01
 67 -0.00372   2.5283e+01 | 68  0.00132  -1.5782e+02 | 69  0.00091  -9.1751e+01
 70 -0.00374  -1.9531e+01 | 71  0.00180  -2.9787e+02 | 72  0.00227  -2.3307e+02
 73  0.00419  -2.1018e+02 | 74  0.00513  -2.1663e+02 | 75  0.00301  -2.2521e+02
 76 -0.00122  -5.9127e+01 | 77  0.00305  -4.3734e+01 | 78 -0.00344   3.4355e+01
 79  0.00366  -9.2316e+01 | 80  0.00106  -7.2872e+01 | 81  0.00870  -2.6232e+01
 82 -0.00110  -4.8224e+01 | 83 -0.00152  -4.6177e+01 | 84  0.00273  -2.9833e+02
 85  0.00338  -1.4516e+02 | 86 -0.00464  -6.7420e+01 | 87 -0.00118  -4.6455e+01
 88  0.00008   5.7103e+01 | 89  0.00090  -7.3794e+01 | 90  0.00208  -3.3851e+01
 91  0.00077  -6.6827e+01 | 92  0.00163  -4.7882e+00 | 93 -0.00022   8.5694e+01
 94  0.00130   5.9833e+01 | 95  0.00087   1.3226e+02 | 96 -0.00323   3.9347e+02
 97 -0.00564   1.9288e+02 | 98 -0.00310   1.8810e+02 | 99 -0.00133   1.9550e+02
100 -0.00310   1.8850e+02 |101  0.00369  -3.0529e-01 |102  0.00286  -2.3201e+01
103  0.00288   1.4745e+02 |104 -0.00028  -3.1731e+01 |105 -0.00162   8.8838e+01
106  0.00108  -3.9426e+01 |
106 variables; iteration 70; function evaluation 82; phase 5
Function value   2.2458456e+03; maximum gradient component mag   3.8351e+02
Var   Value    Gradient   |Var   Value    Gradient   |Var   Value    Gradient
  1 -0.20043   8.1493e+01 |  2 -0.38772  -1.8093e+01 |  3  0.00962   7.7108e+01
  4  0.01062  -1.5205e+01 |  5  0.00941  -3.1835e+01 |  6  0.00607   1.1163e+01
  7  0.03246   6.9320e+01 |  8  0.00981   4.9696e+01 |  9 -0.01759   4.2590e+01
 10 -0.00901  -4.0480e+00 | 11 -0.03123   2.4861e+01 | 12 -0.02538  -4.8231e+01
 13 -0.04324   3.3962e+01 | 14 -0.05057   1.3793e+00 | 15 -0.04572  -8.0062e+00
 16  0.05483  -4.8987e+01 | 17 -0.00785  -8.8224e+01 | 18 -0.03529  -6.2146e+01
 19  0.05747  -1.1540e+02 | 20  0.05954  -1.5089e+01 | 21  0.05867   3.4864e+00
 22  0.06214   4.1887e+01 | 23 -0.01939   1.9030e+01 | 24 -0.00163  -1.4879e+02
 25 -0.03357  -2.3279e+01 | 26  0.03027   4.6645e+01 | 27 -0.00532   4.3697e+01
 28  0.01684   5.6858e+00 | 29 -0.04668  -6.3398e+01 | 30 -0.00334   6.1629e+01
 31 -0.04079  -2.9896e+01 | 32  0.06855  -9.3597e+00 | 33  0.06847   4.5295e+01
 34  0.01046   3.5005e+01 | 35  0.04525  -3.0856e+01 | 36 -0.04801  -5.2921e+01
 37  0.03624  -3.8487e+01 | 38 -0.01687  -8.7738e+01 | 39 -0.06040  -4.5737e+01
 40 -0.03066   3.9231e+01 | 41 -0.04408   5.3543e+01 | 42 -0.00711   4.9763e+01
 43  0.04363   1.1096e+02 | 44  0.03961   3.0223e+00 | 45 -0.02990   7.6832e+00
 46 -0.00416   2.7738e+01 | 47  0.03933   1.6640e+01 | 48  0.02248   6.0039e+01
 49 -0.03227  -8.4231e+00 | 50 -0.00518  -3.8334e+01 | 51 -0.07410   4.7521e+01
 52 -0.04573   6.2037e-02 | 53  0.01846   3.3158e+01 | 54 -0.00982  -4.8912e+01
 55  0.01487   4.4305e+00 | 56  0.01342   6.4506e+01 | 57  0.00242  -2.8997e+02
 58 -0.00344  -1.5451e+01 | 59  0.00010  -3.1416e+01 | 60  0.00067   1.3611e+01
 61  0.00319  -1.2976e+01 | 62 -0.00152   2.4729e+00 | 63 -0.00040  -2.5743e+01
 64 -0.00058   1.6914e+01 | 65  0.00019  -4.6797e+00 | 66 -0.00373   4.8751e+01
 67 -0.00377   2.0588e+01 | 68  0.00131  -1.5269e+02 | 69  0.00080  -9.9651e+01
 70 -0.00367   1.6933e-01 | 71  0.00181  -2.8697e+02 | 72  0.00224  -2.2744e+02
 73  0.00416  -2.0632e+02 | 74  0.00513  -2.1039e+02 | 75  0.00323  -2.1040e+02
 76 -0.00122  -5.6349e+01 | 77  0.00296  -5.2607e+01 | 78 -0.00345   3.3627e+01
 79  0.00358  -1.0698e+02 | 80  0.00098  -7.9436e+01 | 81  0.00867  -1.3393e+01
 82 -0.00118  -5.6020e+01 | 83 -0.00121  -2.8836e+00 | 84  0.00272  -2.8852e+02
 85  0.00338  -1.4097e+02 | 86 -0.00462  -6.7361e+01 | 87 -0.00114  -3.7039e+01
 88 -0.00027   3.0538e+01 | 89  0.00096  -6.7295e+01 | 90  0.00211  -3.3363e+01
 91  0.00085  -5.5022e+01 | 92  0.00158  -9.4239e+00 | 93 -0.00031   8.1144e+01
 94  0.00128   5.5601e+01 | 95  0.00089   1.2956e+02 | 96 -0.00323   3.8351e+02
 97 -0.00581   1.6915e+02 | 98 -0.00304   1.8593e+02 | 99 -0.00130   1.9150e+02
100 -0.00308   1.8515e+02 |101  0.00370  -9.7986e+00 |102  0.00294  -1.8515e+01
103  0.00277   1.3210e+02 |104 -0.00024  -3.1492e+01 |105 -0.00161   8.7807e+01
106  0.00129  -1.5714e+01 |
106 variables; iteration 80; function evaluation 98; phase 5
Function value   2.2426750e+03; maximum gradient component mag  -1.5914e+02
Var   Value    Gradient   |Var   Value    Gradient   |Var   Value    Gradient
  1 -0.20134   1.6338e+01 |  2 -0.38993  -1.3817e+01 |  3  0.00390  -1.2565e+01
  4  0.01143   4.7065e+00 |  5  0.01031   1.4487e+01 |  6  0.00540   5.6724e+00
  7  0.03057  -1.7521e+00 |  8  0.00749  -9.6970e+00 |  9 -0.02010  -5.4402e+00
 10 -0.00956  -9.1462e+00 | 11 -0.03304   1.3441e+00 | 12 -0.02374   2.0126e+01
 13 -0.04570  -4.8631e+00 | 14 -0.05100   4.9268e+00 | 15 -0.04546   1.0798e+01
 16  0.05521  -6.0895e+00 | 17 -0.00323   1.4896e+01 | 18 -0.03144   1.6952e+00
 19  0.05940   7.2747e+00 | 20  0.05949   8.0760e+00 | 21  0.05811  -3.7002e+00
 22  0.06101  -4.1117e+00 | 23 -0.02030   1.6848e+00 | 24  0.00364   9.7091e+00
 25 -0.03269   8.8452e+00 | 26  0.02904   5.0339e+00 | 27 -0.00679   1.0686e+01
 28  0.01595  -1.7079e+01 | 29 -0.04307  -1.3533e+00 | 30 -0.00550  -1.7587e+00
 31 -0.03890   1.8350e+00 | 32  0.06850   1.7343e+00 | 33  0.06762  -4.6098e+00
 34  0.00903   4.5246e+00 | 35  0.04632   2.3178e+01 | 36 -0.04283   1.1349e+01
 37  0.03678  -2.1181e+01 | 38 -0.01308  -2.6985e+00 | 39 -0.05653   2.4469e+00
 40 -0.03033  -4.2768e+00 | 41 -0.04512   6.8741e+00 | 42 -0.00768  -1.2909e+01
 43  0.04226  -3.8962e+01 | 44  0.04027   1.4911e+00 | 45 -0.03047  -6.7873e+00
 46 -0.00487  -5.9367e+00 | 47  0.03886  -3.2797e+01 | 48  0.02098  -2.9710e+00
 49 -0.03170   7.7533e+00 | 50 -0.00399   2.5140e+01 | 51 -0.07963  -5.5775e+00
 52 -0.04616   7.4597e-01 | 53  0.01703  -7.2212e+00 | 54 -0.00513   9.4852e+00
 55  0.00963   1.2698e+00 | 56  0.01314  -2.3003e+00 | 57  0.00281   3.9244e+01
 58 -0.00367  -1.1012e+01 | 59  0.00008   1.0950e+00 | 60  0.00048   2.3610e+01
 61  0.00321   5.3313e+00 | 62 -0.00145   1.1975e+01 | 63 -0.00058  -5.5100e+01
 64 -0.00055   5.5088e-01 | 65  0.00042   1.6099e+01 | 66 -0.00417  -7.2031e+00
 67 -0.00391  -1.0648e+01 | 68  0.00166   1.4897e+01 | 69  0.00156   1.7700e+01
 70 -0.00396  -6.5383e+00 | 71  0.00245   2.9487e+01 | 72  0.00264   2.6986e+01
 73  0.00432   2.3488e+01 | 74  0.00531   2.7154e+01 | 75  0.00447   5.0883e+00
 76 -0.00137   8.1553e+00 | 77  0.00238  -8.3967e+00 | 78 -0.00400  -6.1939e+00
 79  0.00378  -5.2822e+00 | 80  0.00106  -6.6279e+00 | 81  0.00878   3.2135e+01
 82 -0.00122  -7.3281e+00 | 83 -0.00095   5.3017e+01 | 84  0.00338   3.8145e+01
 85  0.00368   2.0538e+01 | 86 -0.00498  -5.5655e+01 | 87 -0.00102  -2.7616e+00
 88 -0.00038   2.5739e+01 | 89  0.00106  -6.8584e+00 | 90  0.00264   4.9393e-02
 91  0.00198   6.6298e+01 | 92  0.00110  -2.1854e+01 | 93 -0.00178  -6.7842e+01
 94  0.00105  -7.3685e+00 | 95  0.00071  -1.9806e+01 | 96 -0.00421  -5.0144e+01
 97 -0.00598   1.2788e+01 | 98 -0.00375  -4.4042e+01 | 99 -0.00176  -2.8476e+01
100 -0.00354  -2.1045e+01 |101  0.00481  -3.3708e+01 |102  0.00332  -1.2823e-01
103  0.00087  -2.5784e+01 |104  0.00075   4.9727e+01 |105 -0.00186  -1.9169e+01
106  0.00018  -1.5914e+02 |
106 variables; iteration 90; function evaluation 114; phase 5
Function value   2.2425174e+03; maximum gradient component mag  -1.0127e+02
Var   Value    Gradient   |Var   Value    Gradient   |Var   Value    Gradient
  1 -0.20093   1.5762e+01 |  2 -0.38883  -9.9215e+00 |  3  0.00394  -1.1166e+01
  4  0.01153   6.9984e+00 |  5  0.00967  -7.2616e+00 |  6  0.00529   1.4432e+00
  7  0.03050  -5.5668e+00 |  8  0.00774  -2.8994e+00 |  9 -0.01966   3.6739e+00
 10 -0.00968  -1.2301e+01 | 11 -0.03290   2.0195e+00 | 12 -0.02357   2.3087e+01
 13 -0.04591  -9.7482e+00 | 14 -0.05050   1.4168e+01 | 15 -0.04583   3.3198e+00
 16  0.05535  -4.9110e-03 | 17 -0.00357   6.7300e+00 | 18 -0.03165  -2.0864e+00
 19  0.05942   6.9206e+00 | 20  0.05922  -4.1877e+00 | 21  0.05806  -7.1806e+00
 22  0.06113   2.2057e-02 | 23 -0.02027   1.1288e+00 | 24  0.00394   1.6870e+01
 25 -0.03307   1.2596e+00 | 26  0.02908   2.4048e+00 | 27 -0.00695   4.0985e+00
 28  0.01623  -8.3734e+00 | 29 -0.04291   1.5611e+00 | 30 -0.00512   8.6592e+00
 31 -0.03899  -2.7414e-01 | 32  0.06844  -1.7398e+00 | 33  0.06763  -2.2454e+00
 34  0.00923   7.5417e+00 | 35  0.04617   1.5625e+01 | 36 -0.04323   7.1204e+00
 37  0.03690  -1.2119e+01 | 38 -0.01308  -1.1780e+00 | 39 -0.05713  -5.5635e+00
 40 -0.03005   6.3594e+00 | 41 -0.04536   1.5183e+00 | 42 -0.00767  -1.0655e+01
 43  0.04241  -2.5485e+01 | 44  0.04014   8.7389e-02 | 45 -0.03042  -4.5351e+00
 46 -0.00511  -1.0521e+01 | 47  0.03896  -2.4556e+01 | 48  0.02123   8.5742e+00
 49 -0.03150   1.1224e+01 | 50 -0.00410   1.7946e+01 | 51 -0.07914  -2.0658e+00
 52 -0.04675  -1.1284e+01 | 53  0.01734   3.8295e-01 | 54 -0.00517   6.8456e+00
 55  0.00997   1.0214e+00 | 56  0.01286  -1.8154e+00 | 57  0.00278   2.5278e+01
 58 -0.00362  -7.1410e+00 | 59  0.00010   6.8884e-01 | 60  0.00049   1.6599e+01
 61  0.00326   4.3221e+00 | 62 -0.00147   7.6786e+00 | 63 -0.00038  -3.4615e+01
 64 -0.00053   8.0828e-01 | 65  0.00037   1.0188e+01 | 66 -0.00411  -3.8964e+00
 67 -0.00389  -6.7432e+00 | 68  0.00166   1.0345e+01 | 69  0.00150   1.0830e+01
 70 -0.00395  -4.7950e+00 | 71  0.00243   1.9406e+01 | 72  0.00260   1.5968e+01
 73  0.00430   1.4231e+01 | 74  0.00530   1.7000e+01 | 75  0.00455   4.3191e+00
 76 -0.00137   4.7793e+00 | 77  0.00240  -6.3481e+00 | 78 -0.00399  -5.2952e+00
 79  0.00380  -4.8658e+00 | 80  0.00111  -5.3696e+00 | 81  0.00869   2.0201e+01
 82 -0.00119  -5.7952e+00 | 83 -0.00113   3.2889e+01 | 84  0.00333   2.3199e+01
 85  0.00365   1.1270e+01 | 86 -0.00482  -3.7930e+01 | 87 -0.00103  -4.0041e+00
 88 -0.00053   1.4177e+01 | 89  0.00108  -6.4881e+00 | 90  0.00262  -2.7139e+00
 91  0.00169   4.0235e+01 | 92  0.00115  -1.5638e+01 | 93 -0.00164  -4.6641e+01
 94  0.00104  -5.6206e+00 | 95  0.00071  -1.3494e+01 | 96 -0.00418  -3.2892e+01
 97 -0.00608   8.3404e+00 | 98 -0.00370  -2.8282e+01 | 99 -0.00175  -1.7983e+01
100 -0.00353  -1.2394e+01 |101  0.00488  -1.9376e+01 |102  0.00329   7.6836e-01
103  0.00093  -1.6021e+01 |104  0.00057   3.2300e+01 |105 -0.00183  -1.1960e+01
106  0.00066  -1.0127e+02 |
106 variables; iteration 100; function evaluation 131; phase 5
Function value   2.2424052e+03; maximum gradient component mag  -5.1912e+01
Var   Value    Gradient   |Var   Value    Gradient   |Var   Value    Gradient
  1 -0.20064   9.5804e+00 |  2 -0.38807  -5.5090e+00 |  3  0.00423  -8.8694e+00
  4  0.01140   2.1310e+00 |  5  0.00975  -6.3636e+00 |  6  0.00550   6.6858e+00
  7  0.03060  -2.7331e+00 |  8  0.00759  -7.0276e+00 |  9 -0.01980   7.0070e-01
 10 -0.00921   2.0528e+00 | 11 -0.03288   1.8231e+00 | 12 -0.02402   9.2699e+00
 13 -0.04569  -5.8650e+00 | 14 -0.05105   2.9645e+00 | 15 -0.04580   3.3680e+00
 16  0.05534  -1.7859e+00 | 17 -0.00360   5.3832e+00 | 18 -0.03151  -8.8452e-01
 19  0.05935   2.0618e+00 | 20  0.05941   2.7663e+00 | 21  0.05825   4.3618e-02
 22  0.06106  -2.7753e+00 | 23 -0.02010   3.2073e+00 | 24  0.00381   1.2178e+01
 25 -0.03287   3.2882e+00 | 26  0.02902  -2.2664e+00 | 27 -0.00696   2.7731e+00
 28  0.01646   9.0216e-01 | 29 -0.04312  -6.0932e-01 | 30 -0.00536   1.6006e+00
 31 -0.03936  -6.0640e+00 | 32  0.06842  -1.8740e+00 | 33  0.06765  -1.0807e-01
 34  0.00916   3.5861e+00 | 35  0.04606   9.2259e+00 | 36 -0.04365   2.1041e+00
 37  0.03702  -4.0493e+00 | 38 -0.01329  -6.3257e+00 | 39 -0.05720  -5.9385e+00
 40 -0.03010   6.7228e+00 | 41 -0.04524   2.3915e+00 | 42 -0.00732   3.3191e-01
 43  0.04258  -1.3495e+01 | 44  0.04009   1.8142e-01 | 45 -0.03038  -3.2437e+00
 46 -0.00528  -1.4041e+01 | 47  0.03915  -1.3193e+01 | 48  0.02131   1.2248e+01
 49 -0.03183   2.9531e+00 | 50 -0.00419   1.2462e+01 | 51 -0.07891  -1.0434e+00
 52 -0.04648  -7.2971e+00 | 53  0.01728  -1.4927e+00 | 54 -0.00530   4.1473e+00
 55  0.01026   5.5065e-01 | 56  0.01266  -1.2850e+00 | 57  0.00278   1.2519e+01
 58 -0.00357  -3.2544e+00 | 59  0.00009   1.2543e-02 | 60  0.00039   7.5660e+00
 61  0.00327   2.7843e+00 | 62 -0.00147   4.3948e+00 | 63 -0.00026  -1.7544e+01
 64 -0.00055   2.4942e-01 | 65  0.00034   5.1608e+00 | 66 -0.00413  -2.1312e+00
 67 -0.00386  -3.3631e+00 | 68  0.00165   5.0081e+00 | 69  0.00148   5.7584e+00
 70 -0.00390  -2.0844e+00 | 71  0.00242   9.8954e+00 | 72  0.00260   8.6096e+00
 73  0.00429   7.1529e+00 | 74  0.00526   7.6654e+00 | 75  0.00453   1.7134e+00
 76 -0.00140   2.0169e+00 | 77  0.00242  -4.3784e+00 | 78 -0.00399  -3.2840e+00
 79  0.00383  -2.5384e+00 | 80  0.00114  -2.7641e+00 | 81  0.00856   9.1020e+00
 82 -0.00118  -3.2404e+00 | 83 -0.00129   1.6118e+01 | 84  0.00330   1.1970e+01
 85  0.00363   5.7722e+00 | 86 -0.00465  -1.8835e+01 | 87 -0.00102  -1.9216e+00
 88 -0.00062   7.6907e+00 | 89  0.00111  -3.1918e+00 | 90  0.00262  -2.4901e+00
 91  0.00149   2.0219e+01 | 92  0.00122  -7.4387e+00 | 93 -0.00143  -2.3112e+01
 94  0.00105  -2.9107e+00 | 95  0.00071  -7.1769e+00 | 96 -0.00416  -1.7029e+01
 97 -0.00620   3.3405e+00 | 98 -0.00367  -1.4937e+01 | 99 -0.00173  -9.4656e+00
100 -0.00355  -6.2688e+00 |101  0.00485  -1.0222e+01 |102  0.00327   1.8902e-01
103  0.00098  -8.5537e+00 |104  0.00042   1.5970e+01 |105 -0.00181  -6.2774e+00
106  0.00107  -5.1912e+01 |
106 variables; iteration 110; function evaluation 148; phase 5
Function value   2.2423701e+03; maximum gradient component mag  -2.8231e+01
Var   Value    Gradient   |Var   Value    Gradient   |Var   Value    Gradient
  1 -0.20056   4.5547e+00 |  2 -0.38763  -2.6616e+00 |  3  0.00457  -4.2389e+00
  4  0.01137   1.3343e+00 |  5  0.00985  -3.8900e+00 |  6  0.00544   4.2862e+00
  7  0.03067  -8.7338e-01 |  8  0.00745  -1.0753e+01 |  9 -0.01988  -1.2634e+00
 10 -0.00921   2.1676e+00 | 11 -0.03277   3.4735e+00 | 12 -0.02419   3.7833e+00
 13 -0.04549  -1.8273e+00 | 14 -0.05100   3.8046e+00 | 15 -0.04590   1.1697e+00
 16  0.05536  -1.0783e+00 | 17 -0.00369   3.4149e+00 | 18 -0.03147  -4.8793e-01
 19  0.05931   6.4892e-01 | 20  0.05936   1.0191e+00 | 21  0.05822  -5.2832e-01
 22  0.06106  -1.8233e+00 | 23 -0.02020   1.5879e+00 | 24  0.00359   5.6938e+00
 25 -0.03288   2.3330e+00 | 26  0.02905  -9.5137e-01 | 27 -0.00696   2.3736e+00
 28  0.01651   1.9705e+00 | 29 -0.04310  -1.7332e-01 | 30 -0.00520   6.1550e+00
 31 -0.03928  -4.8045e+00 | 32  0.06840  -9.8696e-01 | 33  0.06760  -2.8877e-01
 34  0.00887  -2.8591e+00 | 35  0.04595   4.8072e+00 | 36 -0.04375   1.3653e+00
 37  0.03696  -2.7312e+00 | 38 -0.01313  -8.5968e-01 | 39 -0.05713  -3.3258e+00
 40 -0.03022   5.1233e+00 | 41 -0.04522   2.5495e+00 | 42 -0.00744  -2.2961e+00
 43  0.04265  -7.5104e+00 | 44  0.04004  -3.1161e-01 | 45 -0.03029  -7.5710e-01
 46 -0.00505  -6.6557e+00 | 47  0.03923  -7.5248e+00 | 48  0.02112   5.9220e+00
 49 -0.03187   1.8200e+00 | 50 -0.00435   5.9948e+00 | 51 -0.07882  -6.0617e-01
 52 -0.04628  -4.2113e+00 | 53  0.01736   1.5594e-01 | 54 -0.00541   1.9006e+00
 55  0.01040   2.7108e-01 | 56  0.01256  -9.0467e-01 | 57  0.00278   7.0434e+00
 58 -0.00356  -1.6193e+00 | 59  0.00009  -1.9475e-01 | 60  0.00032   2.8764e+00
 61  0.00325   1.5592e+00 | 62 -0.00149   2.5479e+00 | 63 -0.00020  -9.3619e+00
 64 -0.00056   1.9723e-01 | 65  0.00033   3.0202e+00 | 66 -0.00412  -9.6287e-01
 67 -0.00385  -1.8159e+00 | 68  0.00165   2.8587e+00 | 69  0.00146   3.1414e+00
 70 -0.00389  -1.1646e+00 | 71  0.00240   5.4010e+00 | 72  0.00259   4.5915e+00
 73  0.00428   3.7489e+00 | 74  0.00525   4.0314e+00 | 75  0.00452   8.2254e-01
 76 -0.00141   9.3553e-01 | 77  0.00245  -2.3673e+00 | 78 -0.00398  -1.8444e+00
 79  0.00384  -1.4508e+00 | 80  0.00116  -1.5919e+00 | 81  0.00852   4.7611e+00
 82 -0.00116  -1.8324e+00 | 83 -0.00135   8.3751e+00 | 84  0.00329   6.4858e+00
 85  0.00361   2.9549e+00 | 86 -0.00462  -1.1014e+01 | 87 -0.00101  -7.9799e-01
 88 -0.00068   4.1411e+00 | 89  0.00113  -1.5311e+00 | 90  0.00268  -7.0307e-01
 91  0.00140   1.1207e+01 | 92  0.00124  -3.8620e+00 | 93 -0.00135  -1.2577e+01
 94  0.00104  -1.6232e+00 | 95  0.00071  -3.8659e+00 | 96 -0.00415  -9.1818e+00
 97 -0.00623   1.9609e+00 | 98 -0.00364  -8.0052e+00 | 99 -0.00174  -5.0975e+00
100 -0.00357  -3.3839e+00 |101  0.00483  -5.5927e+00 |102  0.00324   4.6148e-02
103  0.00100  -4.6315e+00 |104  0.00035   8.6640e+00 |105 -0.00180  -3.4275e+00
106  0.00127  -2.8231e+01 |

 - final statistics:
106 variables; iteration 119; function evaluation 160
Function value   2.2424e+03; maximum gradient component mag  -2.3748e-06
Exit code = 1;  converg criter   1.0000e-04
Var   Value    Gradient   |Var   Value    Gradient   |Var   Value    Gradient
  1 -0.20040   4.5998e-07 |  2 -0.38714  -9.0282e-08 |  3  0.00492   4.1532e-08
  4  0.01134   1.1224e-07 |  5  0.01002   5.6125e-09 |  6  0.00535   7.4774e-08
  7  0.03071   7.3901e-08 |  8  0.00784   1.0112e-07 |  9 -0.01982  -3.0190e-07
 10 -0.00927   2.0786e-07 | 11 -0.03286  -2.3878e-07 | 12 -0.02429   1.5659e-07
 13 -0.04539   1.4100e-07 | 14 -0.05118   3.1247e-07 | 15 -0.04594   2.2769e-07
 16  0.05538   4.9776e-07 | 17 -0.00383  -2.8392e-07 | 18 -0.03143   1.4994e-07
 19  0.05930   7.1659e-07 | 20  0.05933   7.3755e-07 | 21  0.05821   6.3636e-07
 22  0.06107   6.6310e-07 | 23 -0.02029   4.2526e-08 | 24  0.00340   4.7887e-07
 25 -0.03299   5.9387e-08 | 26  0.02907   2.3526e-07 | 27 -0.00705   3.6846e-07
 28  0.01644  -2.8716e-08 | 29 -0.04312  -2.3412e-07 | 30 -0.00544  -1.3798e-07
 31 -0.03902  -1.9262e-07 | 32  0.06838  -1.0688e-06 | 33  0.06756  -1.0472e-06
 34  0.00903  -1.9503e-07 | 35  0.04582  -6.3794e-07 | 36 -0.04389  -9.6901e-08
 37  0.03695  -6.8113e-07 | 38 -0.01316  -2.2112e-07 | 39 -0.05701  -3.3377e-08
 40 -0.03046  -1.9863e-07 | 41 -0.04533  -1.7979e-07 | 42 -0.00741  -1.6031e-07
 43  0.04274  -2.3630e-07 | 44  0.04001  -2.3144e-07 | 45 -0.03028   1.1851e-08
 46 -0.00483   2.9931e-08 | 47  0.03935  -5.7045e-08 | 48  0.02096   1.0745e-07
 49 -0.03192   1.9173e-07 | 50 -0.00449  -4.6047e-08 | 51 -0.07869   1.3234e-07
 52 -0.04602   2.7877e-07 | 53  0.01736  -4.5994e-07 | 54 -0.00550   1.8185e-07
 55  0.01057  -4.4039e-09 | 56  0.01246  -1.8901e-07 | 57  0.00279  -3.0704e-07
 58 -0.00355  -3.5503e-08 | 59  0.00011  -1.4924e-07 | 60  0.00034   1.5406e-07
 61  0.00323   2.6171e-08 | 62 -0.00152   8.3299e-08 | 63 -0.00014  -6.6335e-08
 64 -0.00057   1.2383e-07 | 65  0.00030   1.3709e-07 | 66 -0.00413   1.7632e-07
 67 -0.00384   3.0605e-07 | 68  0.00165   2.8636e-07 | 69  0.00144   3.5323e-07
 70 -0.00387   4.1815e-07 | 71  0.00239   5.2092e-07 | 72  0.00258   7.8145e-07
 73  0.00428   9.7292e-07 | 74  0.00524   1.1709e-06 | 75  0.00451   1.0724e-06
 76 -0.00142   1.1061e-06 | 77  0.00248   7.8921e-07 | 78 -0.00397   9.6250e-07
 79  0.00385   8.1357e-07 | 80  0.00117   6.1737e-07 | 81  0.00849   5.2795e-07
 82 -0.00114   2.5348e-07 | 83 -0.00140  -2.6676e-08 | 84  0.00327  -8.9402e-07
 85  0.00360  -1.3478e-06 | 86 -0.00450  -1.2585e-06 | 87 -0.00101  -2.2841e-06
 88 -0.00074  -1.5358e-06 | 89  0.00114  -2.3748e-06 | 90  0.00270  -1.5650e-06
 91  0.00128  -1.1868e-06 | 92  0.00126  -1.2889e-06 | 93 -0.00124  -1.0870e-06
 94  0.00104  -9.7062e-07 | 95  0.00071  -1.1675e-06 | 96 -0.00413  -6.9357e-07
 97 -0.00627  -2.9117e-07 | 98 -0.00361  -1.5523e-07 | 99 -0.00174  -4.5679e-07
100 -0.00360  -4.4342e-07 |101  0.00482  -3.5284e-07 |102  0.00322  -4.8152e-07
103  0.00102  -3.5881e-07 |104  0.00026  -1.4539e-08 |105 -0.00179  -5.8506e-08
106  0.00151  -1.4711e-07 |
5 469 -log(L): 2242.35  between 

 - final statistics:
107 variables; iteration 0; function evaluation 0
Function value   2.2424e+03; maximum gradient component mag  -2.3748e-06
Exit code = 0;  converg criter   1.0000e-04
Var   Value    Gradient   |Var   Value    Gradient   |Var   Value    Gradient
  1 -0.20040   4.5997e-07 |  2 -0.38714  -9.0279e-08 |  3  0.00492   4.1512e-08
  4  0.01134   1.1222e-07 |  5  0.01002   5.5914e-09 |  6  0.00535   7.4753e-08
  7  0.03071   7.3880e-08 |  8  0.00784   1.0109e-07 |  9 -0.01982  -3.0192e-07
 10 -0.00927   2.0784e-07 | 11 -0.03286  -2.3880e-07 | 12 -0.02429   1.5657e-07
 13 -0.04539   1.4098e-07 | 14 -0.05118   3.1245e-07 | 15 -0.04594   2.2767e-07
 16  0.05538   4.9773e-07 | 17 -0.00383  -2.8394e-07 | 18 -0.03143   1.4992e-07
 19  0.05930   7.1657e-07 | 20  0.05933   7.3753e-07 | 21  0.05821   6.3634e-07
 22  0.06107   6.6308e-07 | 23 -0.02029   4.2505e-08 | 24  0.00340   4.7885e-07
 25 -0.03299   5.9367e-08 | 26  0.02907   2.3524e-07 | 27 -0.00705   3.6844e-07
 28  0.01644  -2.8736e-08 | 29 -0.04312  -2.3414e-07 | 30 -0.00544  -1.3800e-07
 31 -0.03902  -1.9264e-07 | 32  0.06838  -1.0688e-06 | 33  0.06756  -1.0472e-06
 34  0.00903  -1.9505e-07 | 35  0.04582  -6.3796e-07 | 36 -0.04389  -9.6922e-08
 37  0.03695  -6.8115e-07 | 38 -0.01316  -2.2114e-07 | 39 -0.05701  -3.3398e-08
 40 -0.03046  -1.9865e-07 | 41 -0.04533  -1.7981e-07 | 42 -0.00741  -1.6033e-07
 43  0.04274  -2.3631e-07 | 44  0.04001  -2.3146e-07 | 45 -0.03028   1.1831e-08
 46 -0.00483   2.9911e-08 | 47  0.03935  -5.7058e-08 | 48  0.02096   1.0743e-07
 49 -0.03192   1.9171e-07 | 50 -0.00449  -4.6070e-08 | 51 -0.07869   1.3231e-07
 52 -0.04602   2.7875e-07 | 53  0.01736  -4.5996e-07 | 54 -0.00550   1.8183e-07
 55  0.01057  -4.4248e-09 | 56  0.00000   0.0000e+00 | 57  0.01246  -1.8901e-07
 58  0.00279  -3.0704e-07 | 59 -0.00355  -3.5503e-08 | 60  0.00011  -1.4924e-07
 61  0.00034   1.5406e-07 | 62  0.00323   2.6172e-08 | 63 -0.00152   8.3300e-08
 64 -0.00014  -6.6334e-08 | 65 -0.00057   1.2383e-07 | 66  0.00030   1.3709e-07
 67 -0.00413   1.7632e-07 | 68 -0.00384   3.0605e-07 | 69  0.00165   2.8636e-07
 70  0.00144   3.5323e-07 | 71 -0.00387   4.1815e-07 | 72  0.00239   5.2091e-07
 73  0.00258   7.8145e-07 | 74  0.00428   9.7292e-07 | 75  0.00524   1.1709e-06
 76  0.00451   1.0724e-06 | 77 -0.00142   1.1061e-06 | 78  0.00248   7.8921e-07
 79 -0.00397   9.6250e-07 | 80  0.00385   8.1357e-07 | 81  0.00117   6.1737e-07
 82  0.00849   5.2795e-07 | 83 -0.00114   2.5348e-07 | 84 -0.00140  -2.6678e-08
 85  0.00327  -8.9402e-07 | 86  0.00360  -1.3478e-06 | 87 -0.00450  -1.2585e-06
 88 -0.00101  -2.2841e-06 | 89 -0.00074  -1.5358e-06 | 90  0.00114  -2.3748e-06
 91  0.00270  -1.5650e-06 | 92  0.00128  -1.1868e-06 | 93  0.00126  -1.2889e-06
 94 -0.00124  -1.0870e-06 | 95  0.00104  -9.7062e-07 | 96  0.00071  -1.1675e-06
 97 -0.00413  -6.9356e-07 | 98 -0.00627  -2.9116e-07 | 99 -0.00361  -1.5523e-07
100 -0.00174  -4.5678e-07 |101 -0.00360  -4.4341e-07 |102  0.00482  -3.5283e-07
103  0.00322  -4.8151e-07 |104  0.00102  -3.5880e-07 |105  0.00026  -1.4535e-08
106 -0.00179  -5.8505e-08 |107  0.00151  -1.4711e-07 |
 writing big output now 
Wrote bigoutput and bodywt for last_phase in REPORT_SECTION and before hessian, no benchmark or forecast 
Estimating row 1 out of 107 for hessian
Estimating row 2 out of 107 for hessian
Estimating row 3 out of 107 for hessian
Estimating row 4 out of 107 for hessian
Estimating row 5 out of 107 for hessian
Estimating row 6 out of 107 for hessian
Estimating row 7 out of 107 for hessian
Estimating row 8 out of 107 for hessian
Estimating row 9 out of 107 for hessian
Estimating row 10 out of 107 for hessian
Estimating row 11 out of 107 for hessian
Estimating row 12 out of 107 for hessian
Estimating row 13 out of 107 for hessian
Estimating row 14 out of 107 for hessian
Estimating row 15 out of 107 for hessian
Estimating row 16 out of 107 for hessian
Estimating row 17 out of 107 for hessian
Estimating row 18 out of 107 for hessian
Estimating row 19 out of 107 for hessian
Estimating row 20 out of 107 for hessian
Estimating row 21 out of 107 for hessian
Estimating row 22 out of 107 for hessian
Estimating row 23 out of 107 for hessian
Estimating row 24 out of 107 for hessian
Estimating row 25 out of 107 for hessian
Estimating row 26 out of 107 for hessian
Estimating row 27 out of 107 for hessian
Estimating row 28 out of 107 for hessian
Estimating row 29 out of 107 for hessian
Estimating row 30 out of 107 for hessian
Estimating row 31 out of 107 for hessian
Estimating row 32 out of 107 for hessian
Estimating row 33 out of 107 for hessian
Estimating row 34 out of 107 for hessian
Estimating row 35 out of 107 for hessian
Estimating row 36 out of 107 for hessian
Estimating row 37 out of 107 for hessian
Estimating row 38 out of 107 for hessian
Estimating row 39 out of 107 for hessian
Estimating row 40 out of 107 for hessian
Estimating row 41 out of 107 for hessian
Estimating row 42 out of 107 for hessian
Estimating row 43 out of 107 for hessian
Estimating row 44 out of 107 for hessian
Estimating row 45 out of 107 for hessian
Estimating row 46 out of 107 for hessian
Estimating row 47 out of 107 for hessian
Estimating row 48 out of 107 for hessian
Estimating row 49 out of 107 for hessian
Estimating row 50 out of 107 for hessian
Estimating row 51 out of 107 for hessian
Estimating row 52 out of 107 for hessian
Estimating row 53 out of 107 for hessian
Estimating row 54 out of 107 for hessian
Estimating row 55 out of 107 for hessian
Estimating row 56 out of 107 for hessian
Estimating row 57 out of 107 for hessian
Estimating row 58 out of 107 for hessian
Estimating row 59 out of 107 for hessian
Estimating row 60 out of 107 for hessian
Estimating row 61 out of 107 for hessian
Estimating row 62 out of 107 for hessian
Estimating row 63 out of 107 for hessian
Estimating row 64 out of 107 for hessian
Estimating row 65 out of 107 for hessian
Estimating row 66 out of 107 for hessian
Estimating row 67 out of 107 for hessian
Estimating row 68 out of 107 for hessian
Estimating row 69 out of 107 for hessian
Estimating row 70 out of 107 for hessian
Estimating row 71 out of 107 for hessian
Estimating row 72 out of 107 for hessian
Estimating row 73 out of 107 for hessian
Estimating row 74 out of 107 for hessian
Estimating row 75 out of 107 for hessian
Estimating row 76 out of 107 for hessian
Estimating row 77 out of 107 for hessian
Estimating row 78 out of 107 for hessian
Estimating row 79 out of 107 for hessian
Estimating row 80 out of 107 for hessian
Estimating row 81 out of 107 for hessian
Estimating row 82 out of 107 for hessian
Estimating row 83 out of 107 for hessian
Estimating row 84 out of 107 for hessian
Estimating row 85 out of 107 for hessian
Estimating row 86 out of 107 for hessian
Estimating row 87 out of 107 for hessian
Estimating row 88 out of 107 for hessian
Estimating row 89 out of 107 for hessian
Estimating row 90 out of 107 for hessian
Estimating row 91 out of 107 for hessian
Estimating row 92 out of 107 for hessian
Estimating row 93 out of 107 for hessian
Estimating row 94 out of 107 for hessian
Estimating row 95 out of 107 for hessian
Estimating row 96 out of 107 for hessian
Estimating row 97 out of 107 for hessian
Estimating row 98 out of 107 for hessian
Estimating row 99 out of 107 for hessian
Estimating row 100 out of 107 for hessian
Estimating row 101 out of 107 for hessian
Estimating row 102 out of 107 for hessian
Estimating row 103 out of 107 for hessian
Estimating row 104 out of 107 for hessian
Estimating row 105 out of 107 for hessian
Estimating row 106 out of 107 for hessian
Estimating row 107 out of 107 for hessian
do benchmark and forecast if requested in sdphase
Estimated covariance matrix may not be positive definite
 8.55196e-07 1.49591e-06 1.66019e-06 1.79198e-06 2.06816e-06 2.30736e-06 2.44864e-06 2.61787e-06 3.04356e-06 3.12762e-06 3.16209e-06 3.18883e-06 3.44394e-06 3.53795e-06 3.63548e-06 3.73624e-06 4.07188e-06 4.09122e-06 4.17942e-06 4.1886e-06 4.30225e-06 4.48971e-06 4.81557e-06 4.94369e-06 5.25015e-06 5.5334e-06 5.63908e-06 5.87367e-06 5.98477e-06 6.09012e-06 6.35407e-06 6.53538e-06 6.85414e-06 7.26118e-06 7.32822e-06 7.43885e-06 7.60088e-06 7.92202e-06 7.94163e-06 8.28999e-06 8.40213e-06 8.52569e-06 9.21034e-06 1.02242e-05 1.04136e-05 1.04952e-05 1.06174e-05 1.0776e-05 1.10864e-05 1.11319e-05 1.32375e-05 1.41423e-05 1.54972e-05 1.82624e-05 1.86707e-05 1.91801e-05 1.94071e-05 1.97374e-05 1.996e-05 2.03441e-05 2.06016e-05 2.23512e-05 2.32017e-05 2.32415e-05 2.35604e-05 2.43888e-05 2.52835e-05 2.5365e-05 2.97707e-05 3.05968e-05 3.16554e-05 3.18325e-05 3.2388e-05 3.33571e-05 3.40597e-05 3.45244e-05 3.55588e-05 3.74122e-05 3.8734e-05 3.91517e-05 4.12973e-05 4.28848e-05 4.33982e-05 4.35199e-05 4.47574e-05 4.51534e-05 4.5937e-05 4.72896e-05 4.8302e-05 4.97797e-05 5.21692e-05 5.42379e-05 5.70045e-05 5.90661e-05 6.04153e-05 6.16501e-05 6.47799e-05 6.56543e-05 6.67327e-05 6.95043e-05 7.72598e-05 8.03551e-05 8.99336e-05 0.000173656 0.000629094 0.00145903 0.00151592
Estimated covariance matrix may not be positive definite
 8.55196e-07 1.49591e-06 1.66019e-06 1.79198e-06 2.06816e-06 2.30736e-06 2.44864e-06 2.61787e-06 3.04356e-06 3.12762e-06 3.16209e-06 3.18883e-06 3.44394e-06 3.53795e-06 3.63548e-06 3.73624e-06 4.07188e-06 4.09122e-06 4.17942e-06 4.1886e-06 4.30225e-06 4.48971e-06 4.81557e-06 4.94369e-06 5.25015e-06 5.5334e-06 5.63908e-06 5.87367e-06 5.98477e-06 6.09012e-06 6.35407e-06 6.53538e-06 6.85414e-06 7.26118e-06 7.32822e-06 7.43885e-06 7.60088e-06 7.92202e-06 7.94163e-06 8.28999e-06 8.40213e-06 8.52569e-06 9.21034e-06 1.02242e-05 1.04136e-05 1.04952e-05 1.06174e-05 1.0776e-05 1.10864e-05 1.11319e-05 1.32375e-05 1.41423e-05 1.54972e-05 1.82624e-05 1.86707e-05 1.91801e-05 1.94071e-05 1.97374e-05 1.996e-05 2.03441e-05 2.06016e-05 2.23512e-05 2.32017e-05 2.32415e-05 2.35604e-05 2.43888e-05 2.52835e-05 2.5365e-05 2.97707e-05 3.05968e-05 3.16554e-05 3.18325e-05 3.2388e-05 3.33571e-05 3.40597e-05 3.45244e-05 3.55588e-05 3.74122e-05 3.8734e-05 3.91517e-05 4.12973e-05 4.28848e-05 4.33982e-05 4.35199e-05 4.47574e-05 4.51534e-05 4.5937e-05 4.72896e-05 4.8302e-05 4.97797e-05 5.21692e-05 5.42379e-05 5.70045e-05 5.90661e-05 6.04153e-05 6.16501e-05 6.47799e-05 6.56543e-05 6.67327e-05 6.95043e-05 7.72598e-05 8.03551e-05 8.99336e-05 0.000173656 0.000629094 0.00145903 0.00151592

In final section 
Finish time: Tue Nov 01 10:31:35 2022
Elapsed time: 0 hours, 1 minutes, 16 seconds.
 Iterations: 901 -log(L): 2242.35
Final gradient: 2.37475e-06

 finished COVAR.SSO
 finished forecast
 finished StdDev quantities
 mceval counter: 0
 finished posteriors
 finished appending to cumreport.sso 
 finished SS_summary.sso
 writing big output now 
 finished report.sso
data.ss_new with N replicates: 2 finished
 Write new starter file 
 Write new forecast file 
 Write new control file 
dynamic Bzero in FINAL_SECTION:  finished 
setup_benchmark: 
SPR_profile:  finished 
Global_MSY:  finished 

!!  Run has completed  !!            See warning.sso for N warnings: 6
