#V3.30
#C North Sea/Skagerrak/Eastern Channel Cod
#
26 #_styr
75 #_endyr
1 #_nseas
12 #_months_per_seas
2 #_Nsubseasons
1 #_spawn_month
1 #_Nsexes
20 #_Nages
1 #_N_areas
2 #_Nfleets
#_fleetinfo
#_type	surveytiming	area	units	need_catch_mult	fleetname
1	-1	1	1	0	Fleet1	#_1
3	 1	1	2	0	Fleet2	#_2
#_Catch data
#_year	season	fleet	catch	catch_se
   26	1	1	1	0.01	#_1         
   27	1	1	1	0.01	#_2         
   28	1	1	1	0.01	#_3         
   29	1	1	1	0.01	#_4         
   30	1	1	1	0.01	#_5         
   31	1	1	1	0.01	#_6         
   32	1	1	1	0.01	#_7         
   33	1	1	1	0.01	#_8         
   34	1	1	1	0.01	#_9         
   35	1	1	1	0.01	#_10        
   36	1	1	1	0.01	#_11        
   37	1	1	1	0.01	#_12        
   38	1	1	1	0.01	#_13        
   39	1	1	1	0.01	#_14        
   40	1	1	1	0.01	#_15        
   41	1	1	1	0.01	#_16        
   42	1	1	1	0.01	#_17        
   43	1	1	1	0.01	#_18        
   44	1	1	1	0.01	#_19        
   45	1	1	1	0.01	#_20        
   46	1	1	1	0.01	#_21        
   47	1	1	1	0.01	#_22        
   48	1	1	1	0.01	#_23        
   49	1	1	1	0.01	#_24        
   50	1	1	1	0.01	#_25        
   51	1	1	1	0.01	#_26        
   52	1	1	1	0.01	#_27        
   53	1	1	1	0.01	#_28        
   54	1	1	1	0.01	#_29        
   55	1	1	1	0.01	#_30        
   56	1	1	1	0.01	#_31        
   57	1	1	1	0.01	#_32        
   58	1	1	1	0.01	#_33        
   59	1	1	1	0.01	#_34        
   60	1	1	1	0.01	#_35        
   61	1	1	1	0.01	#_36        
   62	1	1	1	0.01	#_37        
   63	1	1	1	0.01	#_38        
   64	1	1	1	0.01	#_39        
   65	1	1	1	0.01	#_40        
   66	1	1	1	0.01	#_41        
   67	1	1	1	0.01	#_42        
   68	1	1	1	0.01	#_43        
   69	1	1	1	0.01	#_44        
   70	1	1	1	0.01	#_45        
   71	1	1	1	0.01	#_46        
   72	1	1	1	0.01	#_47        
   73	1	1	1	0.01	#_48        
   74	1	1	1	0.01	#_49        
   75	1	1	1	0.01	#_50        
-9999	0	0	0	   0	#_terminator
#_CPUE_and_surveyabundance_observations
#_Units:  0=numbers; 1=biomass; 2=F; >=30 for special types
#_Errtype:  -1=normal; 0=lognormal; >0=T
#_SD_Report: 0=no sdreport; 1=enable sdreport
#_Fleet	Units	Errtype	SD_Report
1	1	0	0	#_Fleet1
2	0	0	0	#_Fleet2
#
#_CPUE_data
#_year	seas	index	obs	se_log
   26	1	2	1	0.1	#_1         
   27	1	2	1	0.1	#_2         
   28	1	2	1	0.1	#_3         
   29	1	2	1	0.1	#_4         
   30	1	2	1	0.1	#_5         
   31	1	2	1	0.1	#_6         
   32	1	2	1	0.1	#_7         
   33	1	2	1	0.1	#_8         
   34	1	2	1	0.1	#_9         
   35	1	2	1	0.1	#_10        
   36	1	2	1	0.1	#_11        
   37	1	2	1	0.1	#_12        
   38	1	2	1	0.1	#_13        
   39	1	2	1	0.1	#_14        
   40	1	2	1	0.1	#_15        
   41	1	2	1	0.1	#_16        
   42	1	2	1	0.1	#_17        
   43	1	2	1	0.1	#_18        
   44	1	2	1	0.1	#_19        
   45	1	2	1	0.1	#_20        
   46	1	2	1	0.1	#_21        
   47	1	2	1	0.1	#_22        
   48	1	2	1	0.1	#_23        
   49	1	2	1	0.1	#_24        
   50	1	2	1	0.1	#_25        
   51	1	2	1	0.1	#_26        
   52	1	2	1	0.1	#_27        
   53	1	2	1	0.1	#_28        
   54	1	2	1	0.1	#_29        
   55	1	2	1	0.1	#_30        
   56	1	2	1	0.1	#_31        
   57	1	2	1	0.1	#_32        
   58	1	2	1	0.1	#_33        
   59	1	2	1	0.1	#_34        
   60	1	2	1	0.1	#_35        
   61	1	2	1	0.1	#_36        
   62	1	2	1	0.1	#_37        
   63	1	2	1	0.1	#_38        
   64	1	2	1	0.1	#_39        
   65	1	2	1	0.1	#_40        
   66	1	2	1	0.1	#_41        
   67	1	2	1	0.1	#_42        
   68	1	2	1	0.1	#_43        
   69	1	2	1	0.1	#_44        
   70	1	2	1	0.1	#_45        
   71	1	2	1	0.1	#_46        
   72	1	2	1	0.1	#_47        
   73	1	2	1	0.1	#_48        
   74	1	2	1	0.1	#_49        
   75	1	2	1	0.1	#_50        
-9999	0	0	0	  0	#_terminator
0 #_N_discard_fleets
#_discard_units (1=same_as_catchunits(bio/num); 2=fraction; 3=numbers)
#_discard_errtype:  >0 for DF of T-dist(read CV below); 0 for normal with CV; -1 for normal with se; -2 for lognormal
#
#_discard_fleet_info
#
#_discard_data
#
#_meanbodywt
0 #_use_meanbodywt
 #_DF_for_meanbodywt_T-distribution_like
#
#_population_length_bins
2 # length bin method: 1=use databins; 2=generate from binwidth,min,max below; 3=read vector
2 # binwidth for population size comp
2 # minimum size in the population (lower edge of first bin and size at age 0.00)
120 # maximum size in the population (lower edge of last bin)
1 #_use_lencomp
#
#_len_info
#_mintailcomp	addtocomp	combine_M_F	CompressBins	CompError	ParmSelect	minsamplesize
-1	1e-06	0	0	0	0	1	#_Fleet1
-1	1e-06	0	0	0	0	1	#_Fleet2
60 #_N_lbins
#_lbin_vector
2 4 6 8 10 12 14 16 18 20 22 24 26 28 30 32 34 36 38 40 42 44 46 48 50 52 54 56 58 60 62 64 66 68 70 72 74 76 78 80 82 84 86 88 90 92 94 96 98 100 102 104 106 108 110 112 114 116 118 120 #_lbin_vector
#
#_lencomp
#_Yr	Seas	FltSvy	Gender	Part	Nsamp	l2	l4	l6	l8	l10	l12	l14	l16	l18	l20	l22	l24	l26	l28	l30	l32	l34	l36	l38	l40	l42	l44	l46	l48	l50	l52	l54	l56	l58	l60	l62	l64	l66	l68	l70	l72	l74	l76	l78	l80	l82	l84	l86	l88	l90	l92	l94	l96	l98	l100	l102	l104	l106	l108	l110	l112	l114	l116	l118	l120
   26	7	1	0	0	10	1	1	1	1	1	1	1	1	1	1	1	1	1	1	1	1	1	1	1	1	1	1	1	1	1	1	1	1	1	1	1	1	1	1	1	1	1	1	1	1	1	1	1	1	1	1	1	1	1	1	1	1	1	1	1	1	1	1	1	1	#_1         
   27	7	1	0	0	10	1	1	1	1	1	1	1	1	1	1	1	1	1	1	1	1	1	1	1	1	1	1	1	1	1	1	1	1	1	1	1	1	1	1	1	1	1	1	1	1	1	1	1	1	1	1	1	1	1	1	1	1	1	1	1	1	1	1	1	1	#_2         
   28	7	1	0	0	10	1	1	1	1	1	1	1	1	1	1	1	1	1	1	1	1	1	1	1	1	1	1	1	1	1	1	1	1	1	1	1	1	1	1	1	1	1	1	1	1	1	1	1	1	1	1	1	1	1	1	1	1	1	1	1	1	1	1	1	1	#_3         
   29	7	1	0	0	10	1	1	1	1	1	1	1	1	1	1	1	1	1	1	1	1	1	1	1	1	1	1	1	1	1	1	1	1	1	1	1	1	1	1	1	1	1	1	1	1	1	1	1	1	1	1	1	1	1	1	1	1	1	1	1	1	1	1	1	1	#_4         
   30	7	1	0	0	10	1	1	1	1	1	1	1	1	1	1	1	1	1	1	1	1	1	1	1	1	1	1	1	1	1	1	1	1	1	1	1	1	1	1	1	1	1	1	1	1	1	1	1	1	1	1	1	1	1	1	1	1	1	1	1	1	1	1	1	1	#_5         
   31	7	1	0	0	10	1	1	1	1	1	1	1	1	1	1	1	1	1	1	1	1	1	1	1	1	1	1	1	1	1	1	1	1	1	1	1	1	1	1	1	1	1	1	1	1	1	1	1	1	1	1	1	1	1	1	1	1	1	1	1	1	1	1	1	1	#_6         
   32	7	1	0	0	10	1	1	1	1	1	1	1	1	1	1	1	1	1	1	1	1	1	1	1	1	1	1	1	1	1	1	1	1	1	1	1	1	1	1	1	1	1	1	1	1	1	1	1	1	1	1	1	1	1	1	1	1	1	1	1	1	1	1	1	1	#_7         
   33	7	1	0	0	10	1	1	1	1	1	1	1	1	1	1	1	1	1	1	1	1	1	1	1	1	1	1	1	1	1	1	1	1	1	1	1	1	1	1	1	1	1	1	1	1	1	1	1	1	1	1	1	1	1	1	1	1	1	1	1	1	1	1	1	1	#_8         
   34	7	1	0	0	10	1	1	1	1	1	1	1	1	1	1	1	1	1	1	1	1	1	1	1	1	1	1	1	1	1	1	1	1	1	1	1	1	1	1	1	1	1	1	1	1	1	1	1	1	1	1	1	1	1	1	1	1	1	1	1	1	1	1	1	1	#_9         
   35	7	1	0	0	10	1	1	1	1	1	1	1	1	1	1	1	1	1	1	1	1	1	1	1	1	1	1	1	1	1	1	1	1	1	1	1	1	1	1	1	1	1	1	1	1	1	1	1	1	1	1	1	1	1	1	1	1	1	1	1	1	1	1	1	1	#_10        
   36	7	1	0	0	10	1	1	1	1	1	1	1	1	1	1	1	1	1	1	1	1	1	1	1	1	1	1	1	1	1	1	1	1	1	1	1	1	1	1	1	1	1	1	1	1	1	1	1	1	1	1	1	1	1	1	1	1	1	1	1	1	1	1	1	1	#_11        
   37	7	1	0	0	10	1	1	1	1	1	1	1	1	1	1	1	1	1	1	1	1	1	1	1	1	1	1	1	1	1	1	1	1	1	1	1	1	1	1	1	1	1	1	1	1	1	1	1	1	1	1	1	1	1	1	1	1	1	1	1	1	1	1	1	1	#_12        
   38	7	1	0	0	10	1	1	1	1	1	1	1	1	1	1	1	1	1	1	1	1	1	1	1	1	1	1	1	1	1	1	1	1	1	1	1	1	1	1	1	1	1	1	1	1	1	1	1	1	1	1	1	1	1	1	1	1	1	1	1	1	1	1	1	1	#_13        
   39	7	1	0	0	10	1	1	1	1	1	1	1	1	1	1	1	1	1	1	1	1	1	1	1	1	1	1	1	1	1	1	1	1	1	1	1	1	1	1	1	1	1	1	1	1	1	1	1	1	1	1	1	1	1	1	1	1	1	1	1	1	1	1	1	1	#_14        
   40	7	1	0	0	10	1	1	1	1	1	1	1	1	1	1	1	1	1	1	1	1	1	1	1	1	1	1	1	1	1	1	1	1	1	1	1	1	1	1	1	1	1	1	1	1	1	1	1	1	1	1	1	1	1	1	1	1	1	1	1	1	1	1	1	1	#_15        
   41	7	1	0	0	10	1	1	1	1	1	1	1	1	1	1	1	1	1	1	1	1	1	1	1	1	1	1	1	1	1	1	1	1	1	1	1	1	1	1	1	1	1	1	1	1	1	1	1	1	1	1	1	1	1	1	1	1	1	1	1	1	1	1	1	1	#_16        
   42	7	1	0	0	10	1	1	1	1	1	1	1	1	1	1	1	1	1	1	1	1	1	1	1	1	1	1	1	1	1	1	1	1	1	1	1	1	1	1	1	1	1	1	1	1	1	1	1	1	1	1	1	1	1	1	1	1	1	1	1	1	1	1	1	1	#_17        
   43	7	1	0	0	10	1	1	1	1	1	1	1	1	1	1	1	1	1	1	1	1	1	1	1	1	1	1	1	1	1	1	1	1	1	1	1	1	1	1	1	1	1	1	1	1	1	1	1	1	1	1	1	1	1	1	1	1	1	1	1	1	1	1	1	1	#_18        
   44	7	1	0	0	10	1	1	1	1	1	1	1	1	1	1	1	1	1	1	1	1	1	1	1	1	1	1	1	1	1	1	1	1	1	1	1	1	1	1	1	1	1	1	1	1	1	1	1	1	1	1	1	1	1	1	1	1	1	1	1	1	1	1	1	1	#_19        
   45	7	1	0	0	10	1	1	1	1	1	1	1	1	1	1	1	1	1	1	1	1	1	1	1	1	1	1	1	1	1	1	1	1	1	1	1	1	1	1	1	1	1	1	1	1	1	1	1	1	1	1	1	1	1	1	1	1	1	1	1	1	1	1	1	1	#_20        
   46	7	1	0	0	10	1	1	1	1	1	1	1	1	1	1	1	1	1	1	1	1	1	1	1	1	1	1	1	1	1	1	1	1	1	1	1	1	1	1	1	1	1	1	1	1	1	1	1	1	1	1	1	1	1	1	1	1	1	1	1	1	1	1	1	1	#_21        
   47	7	1	0	0	10	1	1	1	1	1	1	1	1	1	1	1	1	1	1	1	1	1	1	1	1	1	1	1	1	1	1	1	1	1	1	1	1	1	1	1	1	1	1	1	1	1	1	1	1	1	1	1	1	1	1	1	1	1	1	1	1	1	1	1	1	#_22        
   48	7	1	0	0	10	1	1	1	1	1	1	1	1	1	1	1	1	1	1	1	1	1	1	1	1	1	1	1	1	1	1	1	1	1	1	1	1	1	1	1	1	1	1	1	1	1	1	1	1	1	1	1	1	1	1	1	1	1	1	1	1	1	1	1	1	#_23        
   49	7	1	0	0	10	1	1	1	1	1	1	1	1	1	1	1	1	1	1	1	1	1	1	1	1	1	1	1	1	1	1	1	1	1	1	1	1	1	1	1	1	1	1	1	1	1	1	1	1	1	1	1	1	1	1	1	1	1	1	1	1	1	1	1	1	#_24        
   50	7	1	0	0	10	1	1	1	1	1	1	1	1	1	1	1	1	1	1	1	1	1	1	1	1	1	1	1	1	1	1	1	1	1	1	1	1	1	1	1	1	1	1	1	1	1	1	1	1	1	1	1	1	1	1	1	1	1	1	1	1	1	1	1	1	#_25        
   51	7	1	0	0	10	1	1	1	1	1	1	1	1	1	1	1	1	1	1	1	1	1	1	1	1	1	1	1	1	1	1	1	1	1	1	1	1	1	1	1	1	1	1	1	1	1	1	1	1	1	1	1	1	1	1	1	1	1	1	1	1	1	1	1	1	#_26        
   52	7	1	0	0	10	1	1	1	1	1	1	1	1	1	1	1	1	1	1	1	1	1	1	1	1	1	1	1	1	1	1	1	1	1	1	1	1	1	1	1	1	1	1	1	1	1	1	1	1	1	1	1	1	1	1	1	1	1	1	1	1	1	1	1	1	#_27        
   53	7	1	0	0	10	1	1	1	1	1	1	1	1	1	1	1	1	1	1	1	1	1	1	1	1	1	1	1	1	1	1	1	1	1	1	1	1	1	1	1	1	1	1	1	1	1	1	1	1	1	1	1	1	1	1	1	1	1	1	1	1	1	1	1	1	#_28        
   54	7	1	0	0	10	1	1	1	1	1	1	1	1	1	1	1	1	1	1	1	1	1	1	1	1	1	1	1	1	1	1	1	1	1	1	1	1	1	1	1	1	1	1	1	1	1	1	1	1	1	1	1	1	1	1	1	1	1	1	1	1	1	1	1	1	#_29        
   55	7	1	0	0	10	1	1	1	1	1	1	1	1	1	1	1	1	1	1	1	1	1	1	1	1	1	1	1	1	1	1	1	1	1	1	1	1	1	1	1	1	1	1	1	1	1	1	1	1	1	1	1	1	1	1	1	1	1	1	1	1	1	1	1	1	#_30        
   56	7	1	0	0	10	1	1	1	1	1	1	1	1	1	1	1	1	1	1	1	1	1	1	1	1	1	1	1	1	1	1	1	1	1	1	1	1	1	1	1	1	1	1	1	1	1	1	1	1	1	1	1	1	1	1	1	1	1	1	1	1	1	1	1	1	#_31        
   57	7	1	0	0	10	1	1	1	1	1	1	1	1	1	1	1	1	1	1	1	1	1	1	1	1	1	1	1	1	1	1	1	1	1	1	1	1	1	1	1	1	1	1	1	1	1	1	1	1	1	1	1	1	1	1	1	1	1	1	1	1	1	1	1	1	#_32        
   58	7	1	0	0	10	1	1	1	1	1	1	1	1	1	1	1	1	1	1	1	1	1	1	1	1	1	1	1	1	1	1	1	1	1	1	1	1	1	1	1	1	1	1	1	1	1	1	1	1	1	1	1	1	1	1	1	1	1	1	1	1	1	1	1	1	#_33        
   59	7	1	0	0	10	1	1	1	1	1	1	1	1	1	1	1	1	1	1	1	1	1	1	1	1	1	1	1	1	1	1	1	1	1	1	1	1	1	1	1	1	1	1	1	1	1	1	1	1	1	1	1	1	1	1	1	1	1	1	1	1	1	1	1	1	#_34        
   60	7	1	0	0	10	1	1	1	1	1	1	1	1	1	1	1	1	1	1	1	1	1	1	1	1	1	1	1	1	1	1	1	1	1	1	1	1	1	1	1	1	1	1	1	1	1	1	1	1	1	1	1	1	1	1	1	1	1	1	1	1	1	1	1	1	#_35        
   61	7	1	0	0	10	1	1	1	1	1	1	1	1	1	1	1	1	1	1	1	1	1	1	1	1	1	1	1	1	1	1	1	1	1	1	1	1	1	1	1	1	1	1	1	1	1	1	1	1	1	1	1	1	1	1	1	1	1	1	1	1	1	1	1	1	#_36        
   62	7	1	0	0	10	1	1	1	1	1	1	1	1	1	1	1	1	1	1	1	1	1	1	1	1	1	1	1	1	1	1	1	1	1	1	1	1	1	1	1	1	1	1	1	1	1	1	1	1	1	1	1	1	1	1	1	1	1	1	1	1	1	1	1	1	#_37        
   63	7	1	0	0	10	1	1	1	1	1	1	1	1	1	1	1	1	1	1	1	1	1	1	1	1	1	1	1	1	1	1	1	1	1	1	1	1	1	1	1	1	1	1	1	1	1	1	1	1	1	1	1	1	1	1	1	1	1	1	1	1	1	1	1	1	#_38        
   64	7	1	0	0	10	1	1	1	1	1	1	1	1	1	1	1	1	1	1	1	1	1	1	1	1	1	1	1	1	1	1	1	1	1	1	1	1	1	1	1	1	1	1	1	1	1	1	1	1	1	1	1	1	1	1	1	1	1	1	1	1	1	1	1	1	#_39        
   65	7	1	0	0	10	1	1	1	1	1	1	1	1	1	1	1	1	1	1	1	1	1	1	1	1	1	1	1	1	1	1	1	1	1	1	1	1	1	1	1	1	1	1	1	1	1	1	1	1	1	1	1	1	1	1	1	1	1	1	1	1	1	1	1	1	#_40        
   66	7	1	0	0	10	1	1	1	1	1	1	1	1	1	1	1	1	1	1	1	1	1	1	1	1	1	1	1	1	1	1	1	1	1	1	1	1	1	1	1	1	1	1	1	1	1	1	1	1	1	1	1	1	1	1	1	1	1	1	1	1	1	1	1	1	#_41        
   67	7	1	0	0	10	1	1	1	1	1	1	1	1	1	1	1	1	1	1	1	1	1	1	1	1	1	1	1	1	1	1	1	1	1	1	1	1	1	1	1	1	1	1	1	1	1	1	1	1	1	1	1	1	1	1	1	1	1	1	1	1	1	1	1	1	#_42        
   68	7	1	0	0	10	1	1	1	1	1	1	1	1	1	1	1	1	1	1	1	1	1	1	1	1	1	1	1	1	1	1	1	1	1	1	1	1	1	1	1	1	1	1	1	1	1	1	1	1	1	1	1	1	1	1	1	1	1	1	1	1	1	1	1	1	#_43        
   69	7	1	0	0	10	1	1	1	1	1	1	1	1	1	1	1	1	1	1	1	1	1	1	1	1	1	1	1	1	1	1	1	1	1	1	1	1	1	1	1	1	1	1	1	1	1	1	1	1	1	1	1	1	1	1	1	1	1	1	1	1	1	1	1	1	#_44        
   70	7	1	0	0	10	1	1	1	1	1	1	1	1	1	1	1	1	1	1	1	1	1	1	1	1	1	1	1	1	1	1	1	1	1	1	1	1	1	1	1	1	1	1	1	1	1	1	1	1	1	1	1	1	1	1	1	1	1	1	1	1	1	1	1	1	#_45        
   71	7	1	0	0	10	1	1	1	1	1	1	1	1	1	1	1	1	1	1	1	1	1	1	1	1	1	1	1	1	1	1	1	1	1	1	1	1	1	1	1	1	1	1	1	1	1	1	1	1	1	1	1	1	1	1	1	1	1	1	1	1	1	1	1	1	#_46        
   72	7	1	0	0	10	1	1	1	1	1	1	1	1	1	1	1	1	1	1	1	1	1	1	1	1	1	1	1	1	1	1	1	1	1	1	1	1	1	1	1	1	1	1	1	1	1	1	1	1	1	1	1	1	1	1	1	1	1	1	1	1	1	1	1	1	#_47        
   73	7	1	0	0	10	1	1	1	1	1	1	1	1	1	1	1	1	1	1	1	1	1	1	1	1	1	1	1	1	1	1	1	1	1	1	1	1	1	1	1	1	1	1	1	1	1	1	1	1	1	1	1	1	1	1	1	1	1	1	1	1	1	1	1	1	#_48        
   74	7	1	0	0	10	1	1	1	1	1	1	1	1	1	1	1	1	1	1	1	1	1	1	1	1	1	1	1	1	1	1	1	1	1	1	1	1	1	1	1	1	1	1	1	1	1	1	1	1	1	1	1	1	1	1	1	1	1	1	1	1	1	1	1	1	#_49        
   75	7	1	0	0	10	1	1	1	1	1	1	1	1	1	1	1	1	1	1	1	1	1	1	1	1	1	1	1	1	1	1	1	1	1	1	1	1	1	1	1	1	1	1	1	1	1	1	1	1	1	1	1	1	1	1	1	1	1	1	1	1	1	1	1	1	#_50        
-9999	0	0	0	0	 0	0	0	0	0	0	0	0	0	0	0	0	0	0	0	0	0	0	0	0	0	0	0	0	0	0	0	0	0	0	0	0	0	0	0	0	0	0	0	0	0	0	0	0	0	0	0	0	0	0	0	0	0	0	0	0	0	0	0	0	0	#_terminator
21 #_N_agebins
#
#_agebin_vector
0 1 2 3 4 5 6 7 8 9 10 11 12 13 14 15 16 17 18 19 20 #_agebin_vector
#
#_ageing_error
1 #_N_ageerror_definitions
#_age0	age1	age2	age3	age4	age5	age6	age7	age8	age9	age10	age11	age12	age13	age14	age15	age16	age17	age18	age19	age20
   -1	   -1	   -1	   -1	   -1	   -1	   -1	   -1	   -1	   -1	   -1	   -1	   -1	   -1	   -1	   -1	   -1	   -1	   -1	   -1	   -1	#_1
0.001	0.001	0.001	0.001	0.001	0.001	0.001	0.001	0.001	0.001	0.001	0.001	0.001	0.001	0.001	0.001	0.001	0.001	0.001	0.001	0.001	#_2
#
#_age_info
#_mintailcomp	addtocomp	combine_M_F	CompressBins	CompError	ParmSelect	minsamplesize
-1	1e-06	0	0	0	0	1	#_Fleet1
-1	1e-06	0	0	0	0	1	#_Fleet2
3 #_Lbin_method: 1=poplenbins; 2=datalenbins; 3=lengths
 #_combine males into females at or below this bin number
#_Yr	Seas	FltSvy	Gender	Part	Ageerr	Lbin_lo	Lbin_hi	Nsamp	a0	a1	a2	a3	a4	a5	a6	a7	a8	a9	a10	a11	a12	a13	a14	a15	a16	a17	a18	a19	a20
   26	1	2	0	0	1	-1	-1	10	1	1	1	1	1	1	1	1	1	1	1	1	1	1	1	1	1	1	1	1	1	#_1         
   27	1	2	0	0	1	-1	-1	10	1	1	1	1	1	1	1	1	1	1	1	1	1	1	1	1	1	1	1	1	1	#_2         
   28	1	2	0	0	1	-1	-1	10	1	1	1	1	1	1	1	1	1	1	1	1	1	1	1	1	1	1	1	1	1	#_3         
   29	1	2	0	0	1	-1	-1	10	1	1	1	1	1	1	1	1	1	1	1	1	1	1	1	1	1	1	1	1	1	#_4         
   30	1	2	0	0	1	-1	-1	10	1	1	1	1	1	1	1	1	1	1	1	1	1	1	1	1	1	1	1	1	1	#_5         
   31	1	2	0	0	1	-1	-1	10	1	1	1	1	1	1	1	1	1	1	1	1	1	1	1	1	1	1	1	1	1	#_6         
   32	1	2	0	0	1	-1	-1	10	1	1	1	1	1	1	1	1	1	1	1	1	1	1	1	1	1	1	1	1	1	#_7         
   33	1	2	0	0	1	-1	-1	10	1	1	1	1	1	1	1	1	1	1	1	1	1	1	1	1	1	1	1	1	1	#_8         
   34	1	2	0	0	1	-1	-1	10	1	1	1	1	1	1	1	1	1	1	1	1	1	1	1	1	1	1	1	1	1	#_9         
   35	1	2	0	0	1	-1	-1	10	1	1	1	1	1	1	1	1	1	1	1	1	1	1	1	1	1	1	1	1	1	#_10        
   36	1	2	0	0	1	-1	-1	10	1	1	1	1	1	1	1	1	1	1	1	1	1	1	1	1	1	1	1	1	1	#_11        
   37	1	2	0	0	1	-1	-1	10	1	1	1	1	1	1	1	1	1	1	1	1	1	1	1	1	1	1	1	1	1	#_12        
   38	1	2	0	0	1	-1	-1	10	1	1	1	1	1	1	1	1	1	1	1	1	1	1	1	1	1	1	1	1	1	#_13        
   39	1	2	0	0	1	-1	-1	10	1	1	1	1	1	1	1	1	1	1	1	1	1	1	1	1	1	1	1	1	1	#_14        
   40	1	2	0	0	1	-1	-1	10	1	1	1	1	1	1	1	1	1	1	1	1	1	1	1	1	1	1	1	1	1	#_15        
   41	1	2	0	0	1	-1	-1	10	1	1	1	1	1	1	1	1	1	1	1	1	1	1	1	1	1	1	1	1	1	#_16        
   42	1	2	0	0	1	-1	-1	10	1	1	1	1	1	1	1	1	1	1	1	1	1	1	1	1	1	1	1	1	1	#_17        
   43	1	2	0	0	1	-1	-1	10	1	1	1	1	1	1	1	1	1	1	1	1	1	1	1	1	1	1	1	1	1	#_18        
   44	1	2	0	0	1	-1	-1	10	1	1	1	1	1	1	1	1	1	1	1	1	1	1	1	1	1	1	1	1	1	#_19        
   45	1	2	0	0	1	-1	-1	10	1	1	1	1	1	1	1	1	1	1	1	1	1	1	1	1	1	1	1	1	1	#_20        
   46	1	2	0	0	1	-1	-1	10	1	1	1	1	1	1	1	1	1	1	1	1	1	1	1	1	1	1	1	1	1	#_21        
   47	1	2	0	0	1	-1	-1	10	1	1	1	1	1	1	1	1	1	1	1	1	1	1	1	1	1	1	1	1	1	#_22        
   48	1	2	0	0	1	-1	-1	10	1	1	1	1	1	1	1	1	1	1	1	1	1	1	1	1	1	1	1	1	1	#_23        
   49	1	2	0	0	1	-1	-1	10	1	1	1	1	1	1	1	1	1	1	1	1	1	1	1	1	1	1	1	1	1	#_24        
   50	1	2	0	0	1	-1	-1	10	1	1	1	1	1	1	1	1	1	1	1	1	1	1	1	1	1	1	1	1	1	#_25        
   51	1	2	0	0	1	-1	-1	10	1	1	1	1	1	1	1	1	1	1	1	1	1	1	1	1	1	1	1	1	1	#_26        
   52	1	2	0	0	1	-1	-1	10	1	1	1	1	1	1	1	1	1	1	1	1	1	1	1	1	1	1	1	1	1	#_27        
   53	1	2	0	0	1	-1	-1	10	1	1	1	1	1	1	1	1	1	1	1	1	1	1	1	1	1	1	1	1	1	#_28        
   54	1	2	0	0	1	-1	-1	10	1	1	1	1	1	1	1	1	1	1	1	1	1	1	1	1	1	1	1	1	1	#_29        
   55	1	2	0	0	1	-1	-1	10	1	1	1	1	1	1	1	1	1	1	1	1	1	1	1	1	1	1	1	1	1	#_30        
   56	1	2	0	0	1	-1	-1	10	1	1	1	1	1	1	1	1	1	1	1	1	1	1	1	1	1	1	1	1	1	#_31        
   57	1	2	0	0	1	-1	-1	10	1	1	1	1	1	1	1	1	1	1	1	1	1	1	1	1	1	1	1	1	1	#_32        
   58	1	2	0	0	1	-1	-1	10	1	1	1	1	1	1	1	1	1	1	1	1	1	1	1	1	1	1	1	1	1	#_33        
   59	1	2	0	0	1	-1	-1	10	1	1	1	1	1	1	1	1	1	1	1	1	1	1	1	1	1	1	1	1	1	#_34        
   60	1	2	0	0	1	-1	-1	10	1	1	1	1	1	1	1	1	1	1	1	1	1	1	1	1	1	1	1	1	1	#_35        
   61	1	2	0	0	1	-1	-1	10	1	1	1	1	1	1	1	1	1	1	1	1	1	1	1	1	1	1	1	1	1	#_36        
   62	1	2	0	0	1	-1	-1	10	1	1	1	1	1	1	1	1	1	1	1	1	1	1	1	1	1	1	1	1	1	#_37        
   63	1	2	0	0	1	-1	-1	10	1	1	1	1	1	1	1	1	1	1	1	1	1	1	1	1	1	1	1	1	1	#_38        
   64	1	2	0	0	1	-1	-1	10	1	1	1	1	1	1	1	1	1	1	1	1	1	1	1	1	1	1	1	1	1	#_39        
   65	1	2	0	0	1	-1	-1	10	1	1	1	1	1	1	1	1	1	1	1	1	1	1	1	1	1	1	1	1	1	#_40        
   66	1	2	0	0	1	-1	-1	10	1	1	1	1	1	1	1	1	1	1	1	1	1	1	1	1	1	1	1	1	1	#_41        
   67	1	2	0	0	1	-1	-1	10	1	1	1	1	1	1	1	1	1	1	1	1	1	1	1	1	1	1	1	1	1	#_42        
   68	1	2	0	0	1	-1	-1	10	1	1	1	1	1	1	1	1	1	1	1	1	1	1	1	1	1	1	1	1	1	#_43        
   69	1	2	0	0	1	-1	-1	10	1	1	1	1	1	1	1	1	1	1	1	1	1	1	1	1	1	1	1	1	1	#_44        
   70	1	2	0	0	1	-1	-1	10	1	1	1	1	1	1	1	1	1	1	1	1	1	1	1	1	1	1	1	1	1	#_45        
   71	1	2	0	0	1	-1	-1	10	1	1	1	1	1	1	1	1	1	1	1	1	1	1	1	1	1	1	1	1	1	#_46        
   72	1	2	0	0	1	-1	-1	10	1	1	1	1	1	1	1	1	1	1	1	1	1	1	1	1	1	1	1	1	1	#_47        
   73	1	2	0	0	1	-1	-1	10	1	1	1	1	1	1	1	1	1	1	1	1	1	1	1	1	1	1	1	1	1	#_48        
   74	1	2	0	0	1	-1	-1	10	1	1	1	1	1	1	1	1	1	1	1	1	1	1	1	1	1	1	1	1	1	#_49        
   75	1	2	0	0	1	-1	-1	10	1	1	1	1	1	1	1	1	1	1	1	1	1	1	1	1	1	1	1	1	1	#_50        
-9999	0	0	0	0	0	 0	 0	 0	0	0	0	0	0	0	0	0	0	0	0	0	0	0	0	0	0	0	0	0	0	#_terminator
#
#_MeanSize_at_Age_obs
0 #_use_MeanSize_at_Age_obs
1 #_N_environ_variables
#_Yr	Variable	Value
   26	1	 -0.00134661	#_1         
   27	1	  -0.0190677	#_2         
   28	1	  -0.0157371	#_3         
   29	1	  -0.0160398	#_4         
   30	1	-0.000565737	#_5         
   31	1	  -0.0213307	#_6         
   32	1	  0.00340239	#_7         
   33	1	  0.00690837	#_8         
   34	1	  0.00687649	#_9         
   35	1	  0.00794422	#_10        
   36	1	   0.0114183	#_11        
   37	1	   0.0216335	#_12        
   38	1	  0.00187251	#_13        
   39	1	   0.0292988	#_14        
   40	1	   0.0179681	#_15        
   41	1	  0.00660558	#_16        
   42	1	   0.0249641	#_17        
   43	1	    0.027992	#_18        
   44	1	  0.00512351	#_19        
   45	1	 -0.00394422	#_20        
   46	1	 -0.00977689	#_21        
   47	1	   -0.011243	#_22        
   48	1	   0.0199761	#_23        
   49	1	   0.0252191	#_24        
   50	1	 -0.00360956	#_25        
   51	1	   0.0127251	#_26        
   52	1	   0.0182709	#_27        
   53	1	        0.03	#_28        
   54	1	 -0.00201594	#_29        
   55	1	  -0.0274821	#_30        
   56	1	  -0.0150199	#_31        
   57	1	   -0.014988	#_32        
   58	1	 -0.00281275	#_33        
   59	1	   0.0127251	#_34        
   60	1	-0.000167331	#_35        
   61	1	  0.00126693	#_36        
   62	1	 -0.00227092	#_37        
   63	1	 -0.00827888	#_38        
   64	1	  -0.0268127	#_39        
   65	1	  -0.0141434	#_40        
   66	1	  -0.0153546	#_41        
   67	1	       -0.03	#_42        
   68	1	  -0.0250438	#_43        
   69	1	  -0.0166135	#_44        
   70	1	   0.0159602	#_45        
   71	1	   0.0246614	#_46        
   72	1	   0.0172351	#_47        
   73	1	  0.00466135	#_48        
   74	1	 -0.00204781	#_49        
   75	1	  0.00400797	#_50        
-9999	0	           0	#_terminator
0 #_N_sizefreq_methods
0 #_do_tags
0 #_morphcomp_data
0 #_use_selectivity_priors
#
999
